-1 -0.1 -0.98393 -0.0731434
-1 -0.03125 -0.967265 -0.0157884
-1 0.0375 -0.968122 0.02101
-1 0.10625 -0.980952 0.0805737
-1 0.175 -0.986527 0.14731
-1 0.24375 -0.989339 0.215342
-1 0.3125 -0.991003 0.283753
-1 0.38125 -0.992096 0.352313
-1 0.45 -0.992868 0.420945
-1 0.51875 -0.99344 0.489615
-1 0.5875 -0.993882 0.558308
-1 0.65625 -0.994233 0.627015
-1 0.725 -0.994519 0.695733
-1 0.79375 -0.994756 0.764457
-1 0.8625 -0.994955 0.833186
-1 0.93125 -0.995126 0.901919
-1 1 -0.995273 0.970655
-0.875 -0.1 -0.854503 -0.0749939
-0.875 -0.03125 -0.840158 -0.0188144
-0.875 0.0375 -0.840966 0.0238009
-0.875 0.10625 -0.85265 0.0822038
-0.875 0.175 -0.858976 0.148127
-0.875 0.24375 -0.862401 0.215817
-0.875 0.3125 -0.864485 0.28406
-0.875 0.38125 -0.865874 0.352527
-0.875 0.45 -0.866862 0.421102
-0.875 0.51875 -0.867599 0.489735
-0.875 0.5875 -0.868169 0.558402
-0.875 0.65625 -0.868623 0.627091
-0.875 0.725 -0.868993 0.695794
-0.875 0.79375 -0.8693 0.764508
-0.875 0.8625 -0.86956 0.833228
-0.875 0.93125 -0.869781 0.901954
-0.875 1 -0.869973 0.970685
-0.75 -0.1 -0.725063 -0.0775125
-0.75 -0.03125 -0.713846 -0.0212769
-0.75 0.0375 -0.7146 0.026035
-0.75 0.10625 -0.725019 0.0837912
-0.75 0.175 -0.732 0.148879
-0.75 0.24375 -0.73609 0.216188
-0.75 0.3125 -0.73866 0.284249
-0.75 0.38125 -0.740399 0.352619
-0.75 0.45 -0.741645 0.421138
-0.75 0.51875 -0.742579 0.489738
-0.75 0.5875 -0.743304 0.558383
-0.75 0.65625 -0.743882 0.627058
-0.75 0.725 -0.744354 0.695751
-0.75 0.79375 -0.744746 0.764458
-0.75 0.8625 -0.745077 0.833174
-0.75 0.93125 -0.74536 0.901897
-0.75 1 -0.745604 0.970624
-0.625 -0.1 -0.596171 -0.0804639
-0.625 -0.03125 -0.588077 -0.023118
-0.625 0.0375 -0.588817 0.0275905
-0.625 0.10625 -0.598528 0.0848273
-0.625 0.175 -0.606405 0.149128
-0.625 0.24375 -0.61136 0.216108
-0.625 0.3125 -0.614548 0.284046
-0.625 0.38125 -0.616722 0.352375
-0.625 0.45 -0.618283 0.420886
-0.625 0.51875 -0.619454 0.48949
-0.625 0.5875 -0.620361 0.558147
-0.625 0.65625 -0.621084 0.626834
-0.625 0.725 -0.621673 0.695541
-0.625 0.79375 -0.622162 0.764261
-0.625 0.8625 -0.622574 0.832989
-0.625 0.93125 -0.622925 0.901723
-0.625 1 -0.623229 0.970462
-0.5 -0.1 -0.468191 -0.0834312
-0.5 -0.03125 -0.46266 -0.0243397
-0.5 0.0375 -0.463472 0.0283719
-0.5 0.10625 -0.473974 0.0845059
-0.5 0.175 -0.483891 0.148157
-0.5 0.24375 -0.490262 0.215147
-0.5 0.3125 -0.494293 0.283258
-0.5 0.38125 -0.496984 0.351771
-0.5 0.45 -0.498881 0.420443
-0.5 0.51875 -0.500281 0.489181
-0.5 0.5875 -0.501353 0.557949
-0.5 0.65625 -0.502198 0.626729
-0.5 0.725 -0.50288 0.695513
-0.5 0.79375 -0.503442 0.764299
-0.5 0.8625 -0.503913 0.833084
-0.5 0.93125 -0.504313 0.901867
-0.5 1 -0.504656 0.970648
-0.375 -0.1 -0.341122 -0.0860736
-0.375 -0.03125 -0.337495 -0.0248891
-0.375 0.0375 -0.3385 0.028306
-0.375 0.10625 -0.353943 0.0815215
-0.375 0.175 -0.368916 0.145804
-0.375 0.24375 -0.377047 0.214222
-0.375 0.3125 -0.381531 0.283361
-0.375 0.38125 -0.384265 0.352554
-0.375 0.45 -0.386078 0.421687
-0.375 0.51875 -0.387361 0.490754
-0.375 0.5875 -0.388312 0.559764
-0.375 0.65625 -0.389045 0.628729
-0.375 0.725 -0.389625 0.697658
-0.375 0.79375 -0.390097 0.766561
-0.375 0.8625 -0.390486 0.835441
-0.375 0.93125 -0.390814 0.904304
-0.375 1 -0.391093 0.973152
-0.25 -0.1 -0.214581 -0.0885707
-0.25 -0.03125 -0.21254 -0.0247357
-0.25 0.0375 -0.213081 0.0293569
-0.25 0.10625 -0.243306 0.0771328
-0.25 0.175 -0.263851 0.14742
-0.25 0.24375 -0.270231 0.218616
-0.25 0.3125 -0.272986 0.288812
-0.25 0.38125 -0.274482 0.358468
-0.25 0.45 -0.275414 0.427831
-0.25 0.51875 -0.276047 0.497021
-0.25 0.5875 -0.276505 0.566102
-0.25 0.65625 -0.276851 0.635109
-0.25 0.725 -0.277121 0.704065
-0.25 0.79375 -0.277339 0.772983
-0.25 0.8625 -0.277517 0.841873
-0.25 0.93125 -0.277665 0.910741
-0.25 1 -0.277792 0.979592
-0.125 -0.1 -0.0881768 -0.0916043
-0.125 -0.03125 -0.0874979 -0.0248804
-0.125 0.0375 -0.086637 0.0388608
-0.125 0.10625 -0.0948961 0.0878898
-0.125 0.175 -0.142843 0.148816
-0.125 0.24375 -0.152937 0.22346
-0.125 0.3125 -0.155593 0.294626
-0.125 0.38125 -0.156749 0.364614
-0.125 0.45 -0.157387 0.434109
-0.125 0.51875 -0.157789 0.503355
-0.125 0.5875 -0.158064 0.572459
-0.125 0.65625 -0.158265 0.641474
-0.125 0.725 -0.158418 0.710429
-0.125 0.79375 -0.158537 0.779343
-0.125 0.8625 -0.158634 0.848228
-0.125 0.93125 -0.158714 0.917089
-0.125 1 -0.15878 0.985933
0 -0.1 0.0372244 -0.0927284
0 -0.03125 0.0373559 -0.0243898
0 0.0375 0.0375438 0.0437224
0 0.10625 0.0378274 0.111353
0 0.175 0.0382491 0.17765
0 0.24375 0.0375383 0.237508
0 0.3125 -0.0161103 0.285658
0 0.38125 -0.0319456 0.364838
0 0.45 -0.0341536 0.436479
0 0.51875 -0.034943 0.506483
0 0.5875 -0.0353407 0.575928
0 0.65625 -0.0355788 0.645119
0 0.725 -0.0357369 0.714173
0 0.79375 -0.0358493 0.783146
0 0.8625 -0.0359334 0.852066
0 0.93125 -0.0359985 0.92095
0 1 -0.0360504 0.989808
0.125 -0.1 0.160895 -0.0894878
0.125 -0.03125 0.160653 -0.0202597
0.125 0.0375 0.160298 0.0491483
0.125 0.10625 0.159737 0.118859
0.125 0.175 0.158733 0.189133
0.125 0.24375 0.156538 0.260622
0.125 0.3125 0.149663 0.335166
0.125 0.38125 0.1184 0.41038
0.125 0.45 0.089941 0.46207
0.125 0.51875 0.0868452 0.522111
0.125 0.5875 0.086597 0.587322
0.125 0.65625 0.0866853 0.654239
0.125 0.725 0.0868108 0.721879
0.125 0.79375 0.0869251 0.789889
0.125 0.8625 0.0870218 0.85811
0.125 0.93125 0.0871025 0.926465
0.125 1 0.0871701 0.994907
0.25 -0.1 0.282235 -0.0839266
0.25 -0.03125 0.280994 -0.0137904
0.25 0.0375 0.279095 0.0568009
0.25 0.10625 0.275969 0.128034
0.25 0.175 0.270419 0.200044
0.25 0.24375 0.260186 0.272261
0.25 0.3125 0.243823 0.341685
0.25 0.38125 0.227528 0.405229
0.25 0.45 0.218326 0.466721
0.25 0.51875 0.214392 0.529826
0.25 0.5875 0.21276 0.594725
0.25 0.65625 0.21206 0.660831
0.25 0.725 0.211757 0.727699
0.25 0.79375 0.211634 0.795057
0.25 0.8625 0.211598 0.862742
0.25 0.93125 0.211604 0.930654
0.25 1 0.211632 0.998729
0.375 -0.1 0.400491 -0.0778834
0.375 -0.03125 0.397314 -0.00718374
0.375 0.0375 0.392581 0.0637893
0.375 0.10625 0.385507 0.134692
0.375 0.175 0.375552 0.204567
0.375 0.24375 0.363746 0.272022
0.375 0.3125 0.353105 0.336793
0.375 0.38125 0.345795 0.400451
0.375 0.45 0.341549 0.464525
0.375 0.51875 0.339235 0.529521
0.375 0.5875 0.337984 0.595377
0.375 0.65625 0.337304 0.661899
0.375 0.725 0.336934 0.728912
0.375 0.79375 0.336737 0.796283
0.375 0.8625 0.33664 0.863918
0.375 0.93125 0.336602 0.931752
0.375 1 0.336598 0.999738
0.5 -0.1 0.515972 -0.0731088
0.5 -0.03125 0.511194 -0.0029643
0.5 0.0375 0.504959 0.0668222
0.5 0.10625 0.49727 0.135745
0.5 0.175 0.488745 0.203271
0.5 0.24375 0.480612 0.269275
0.5 0.3125 0.47401 0.33427
0.5 0.38125 0.469317 0.399033
0.5 0.45 0.466254 0.464114
0.5 0.51875 0.46434 0.529727
0.5 0.5875 0.46317 0.595879
0.5 0.65625 0.462463 0.662498
0.5 0.725 0.462043 0.729497
0.5 0.79375 0.461801 0.796798
0.5 0.8625 0.46167 0.864337
0.5 0.93125 0.461611 0.932065
0.5 1 0.461596 0.999943
0.625 -0.1 0.632419 -0.0709872
0.625 -0.03125 0.627762 -0.00175674
0.625 0.0375 0.622298 0.0669965
0.625 0.10625 0.616209 0.135035
0.625 0.175 0.609913 0.202192
0.625 0.24375 0.603975 0.268495
0.625 0.3125 0.598896 0.334188
0.625 0.38125 0.59492 0.399633
0.625 0.45 0.592018 0.465148
0.625 0.51875 0.590005 0.53093
0.625 0.5875 0.588659 0.59706
0.625 0.65625 0.587783 0.663544
0.625 0.725 0.587231 0.730353
0.625 0.79375 0.586897 0.797443
0.625 0.8625 0.58671 0.864771
0.625 0.93125 0.58662 0.932297
0.625 1 0.586596 0.999987
0.75 -0.1 0.752096 -0.0704743
0.75 -0.03125 0.748358 -0.00170721
0.75 0.0375 0.744148 0.0667245
0.75 0.10625 0.739552 0.134704
0.75 0.175 0.73475 0.202138
0.75 0.24375 0.730003 0.268995
0.75 0.3125 0.725603 0.335336
0.75 0.38125 0.72179 0.401314
0.75 0.45 0.718693 0.467126
0.75 0.51875 0.716319 0.532957
0.75 0.5875 0.714589 0.598944
0.75 0.65625 0.713383 0.665164
0.75 0.725 0.71258 0.731649
0.75 0.79375 0.712073 0.798396
0.75 0.8625 0.71178 0.865388
0.75 0.93125 0.711636 0.932597
0.75 1 0.711596 0.999997
0.875 -0.1 0.874424 -0.0704335
0.875 -0.03125 0.871598 -0.0017964
0.875 0.0375 0.868438 0.066635
0.875 0.10625 0.864958 0.134791
0.875 0.175 0.861213 0.202599
0.875 0.24375 0.857308 0.269995
0.875 0.3125 0.853397 0.336948
0.875 0.38125 0.84967 0.403476
0.875 0.45 0.846309 0.469655
0.875 0.51875 0.843451 0.53561
0.875 0.5875 0.841162 0.601483
0.875 0.65625 0.839434 0.667406
0.875 0.725 0.838208 0.733476
0.875 0.79375 0.837397 0.799756
0.875 0.8625 0.83691 0.86627
0.875 0.93125 0.836665 0.933022
0.875 1 0.836596 0.999999
1 -0.1 0.998318 -0.0704586
1 -0.03125 0.996223 -0.00182353
1 0.0375 0.993871 0.0666908
1 0.10625 0.991244 0.135041
1 0.175 0.988337 0.203173
1 0.24375 0.985167 0.271025
1 0.3125 0.981787 0.338533
1 0.38125 0.97829 0.405642
1 0.45 0.974817 0.472324
1 0.51875 0.971534 0.538599
1 0.5875 0.968613 0.604538
1 0.65625 0.966182 0.670262
1 0.725 0.964308 0.735914
1 0.79375 0.962984 0.801628
1 0.8625 0.962151 0.86751
1 0.93125 0.96172 0.933624
1 1 0.961596 1
