0 0 0.111725 
-0.08 0 0.0795676 
-0.16 0 0.0489092 
-0.24 0 0.0142822 
-0.32 0 -0.00508921 
-0.4 0 -0.0323418 
-0.48 0 -0.0615182 
-0.56 0 -0.0940187 
-0.64 0 -0.122722 
-0.72 0 -0.152245 
-0.8 0 -0.187832 
-0.88 0 -0.226367 
-0.96 0 -0.275112 
-1.04 0 -0.299617 
-1.12 0 -0.348813 
-1.2 0 -0.412028 
-1.28 0 -0.417889 
-1.36 0 -0.417812 
-1.44 0 -0.351149 
-1.52 0 -0.251065 
-1.6 0 -0.194658 
-1.68 0 -0.154271 
-1.76 0 -0.122305 
-1.84 0 -0.0957718 
-1.92 0 -0.0730939 
-2 0 -0.0533161 
-2.08 0 -0.0358078 
-2.16 0 -0.0201284 
-2.24 0 -0.00595583 
-2.32 0 0.00695253 
-2.4 0 0.0187848 
-2.48 0 0.0296899 
-2.56 0 0.039788 
-2.64 0 0.0491771 
-2.72 0 0.0579389 
-2.8 0 0.0661417 
-2.88 0 0.0738434 
-2.96 0 0.0810936 
-3.04 0 0.087935 
-3.12 0 0.0944046 
-3.2 0 0.100535 
-3.28 0 0.106354 
-3.36 0 0.111888 
-3.44 0 0.117158 
-3.52 0 0.122184 
-3.6 0 0.126985 
-3.68 0 0.131576 
-3.76 0 0.135972 
-3.84 0 0.140185 
-3.92 0 0.144228 
-4 0 0.148111 
0 0.04 0.112535 
-0.08 0.04 0.0823912 
-0.16 0.04 0.051329 
-0.24 0.04 0.0208743 
-0.32 0.04 -0.00269989 
-0.4 0.04 -0.0291034 
-0.48 0.04 -0.057407 
-0.56 0.04 -0.0878314 
-0.64 0.04 -0.117028 
-0.72 0.04 -0.146633 
-0.8 0.04 -0.180309 
-0.88 0.04 -0.218115 
-0.96 0.04 -0.256807 
-1.04 0.04 -0.292601 
-1.12 0.04 -0.336508 
-1.2 0.04 -0.395083 
-1.28 0.04 -0.39782 
-1.36 0.04 -0.367172 
-1.44 0.04 -0.317059 
-1.52 0.04 -0.245924 
-1.6 0.04 -0.19266 
-1.68 0.04 -0.153109 
-1.76 0.04 -0.121517 
-1.84 0.04 -0.0951866 
-1.92 0.04 -0.0726383 
-2 0.04 -0.0529494 
-2.08 0.04 -0.0355064 
-2.16 0.04 -0.0198705 
-2.24 0.04 -0.00573675 
-2.32 0.04 0.00714516 
-2.4 0.04 0.018957 
-2.48 0.04 0.0298394 
-2.56 0.04 0.0399183 
-2.64 0.04 0.0492967 
-2.72 0.04 0.05805 
-2.8 0.04 0.0662432 
-2.88 0.04 0.073935 
-2.96 0.04 0.0811765 
-3.04 0.04 0.0880106 
-3.12 0.04 0.0944755 
-3.2 0.04 0.100602 
-3.28 0.04 0.106417 
-3.36 0.04 0.111948 
-3.44 0.04 0.117215 
-3.52 0.04 0.122237 
-3.6 0.04 0.127034 
-3.68 0.04 0.131621 
-3.76 0.04 0.136014 
-3.84 0.04 0.140224 
-3.92 0.04 0.144265 
-4 0.04 0.148145 
0 0.08 0.113959 
-0.08 0.08 0.0841274 
-0.16 0.08 0.0547331 
-0.24 0.08 0.026254 
-0.32 0.08 0.000791527 
-0.4 0.08 -0.0252165 
-0.48 0.08 -0.052643 
-0.56 0.08 -0.0812599 
-0.64 0.08 -0.109785 
-0.72 0.08 -0.139037 
-0.8 0.08 -0.17088 
-0.88 0.08 -0.205474 
-0.96 0.08 -0.240365 
-1.04 0.08 -0.275017 
-1.12 0.08 -0.31588 
-1.2 0.08 -0.37276 
-1.28 0.08 -0.365304 
-1.36 0.08 -0.331977 
-1.44 0.08 -0.288876 
-1.52 0.08 -0.234713 
-1.6 0.08 -0.187632 
-1.68 0.08 -0.150179 
-1.76 0.08 -0.119567 
-1.84 0.08 -0.0937844 
-1.92 0.08 -0.0715756 
-2 0.08 -0.0521114 
-2.08 0.08 -0.034828 
-2.16 0.08 -0.0193128 
-2.24 0.08 -0.00526554 
-2.32 0.08 0.0075441 
-2.4 0.08 0.0192969 
-2.48 0.08 0.0301409 
-2.56 0.08 0.0401842 
-2.64 0.08 0.0495322 
-2.72 0.08 0.0582565 
-2.8 0.08 0.0664276 
-2.88 0.08 0.0741034 
-2.96 0.08 0.0813301 
-3.04 0.08 0.0881501 
-3.12 0.08 0.0946027 
-3.2 0.08 0.100718 
-3.28 0.08 0.106524 
-3.36 0.08 0.112044 
-3.44 0.08 0.117302 
-3.52 0.08 0.122317 
-3.6 0.08 0.12711 
-3.68 0.08 0.131693 
-3.76 0.08 0.136082 
-3.84 0.08 0.140289 
-3.92 0.08 0.144326 
-4 0.08 0.148203 
0 0.12 0.115364 
-0.08 0.12 0.0861708 
-0.16 0.12 0.0577472 
-0.24 0.12 0.0304296 
-0.32 0.12 0.00468257 
-0.4 0.12 -0.0210067 
-0.48 0.12 -0.047544 
-0.56 0.12 -0.0748342 
-0.64 0.12 -0.102405 
-0.72 0.12 -0.130728 
-0.8 0.12 -0.160735 
-0.88 0.12 -0.192386 
-0.96 0.12 -0.22434 
-1.04 0.12 -0.256489 
-1.12 0.12 -0.291294 
-1.2 0.12 -0.325514 
-1.28 0.12 -0.325354 
-1.36 0.12 -0.300247 
-1.44 0.12 -0.264246 
-1.52 0.12 -0.22093 
-1.6 0.12 -0.180157 
-1.68 0.12 -0.145567 
-1.76 0.12 -0.116424 
-1.84 0.12 -0.0914978 
-1.92 0.12 -0.0698304 
-2 0.12 -0.0507341 
-2.08 0.12 -0.0337111 
-2.16 0.12 -0.0183909 
-2.24 0.12 -0.00448981 
-2.32 0.12 0.00820874 
-2.4 0.12 0.0198707 
-2.48 0.12 0.0306401 
-2.56 0.12 0.0406241 
-2.64 0.12 0.0499208 
-2.72 0.12 0.0586022 
-2.8 0.12 0.0667395 
-2.88 0.12 0.0743823 
-2.96 0.12 0.0815841 
-3.04 0.12 0.0883814 
-3.12 0.12 0.0948131 
-3.2 0.12 0.100911 
-3.28 0.12 0.1067 
-3.36 0.12 0.112207 
-3.44 0.12 0.117454 
-3.52 0.12 0.12246 
-3.6 0.12 0.127241 
-3.68 0.12 0.131815 
-3.76 0.12 0.136195 
-3.84 0.12 0.140395 
-3.92 0.12 0.144425 
-4 0.12 0.148297 
0 0.16 0.116629 
-0.08 0.16 0.0882376 
-0.16 0.16 0.0605933 
-0.24 0.16 0.0340638 
-0.32 0.16 0.00865043 
-0.4 0.16 -0.0166049 
-0.48 0.16 -0.0422738 
-0.56 0.16 -0.0683729 
-0.64 0.16 -0.0948645 
-0.72 0.16 -0.12197 
-0.8 0.16 -0.150129 
-0.88 0.16 -0.17921 
-0.96 0.16 -0.208381 
-1.04 0.16 -0.237297 
-1.12 0.16 -0.265866 
-1.2 0.16 -0.288503 
-1.28 0.16 -0.289721 
-1.36 0.16 -0.271226 
-1.44 0.16 -0.241729 
-1.52 0.16 -0.206215 
-1.6 0.16 -0.171037 
-1.68 0.16 -0.139594 
-1.76 0.16 -0.112239 
-1.84 0.16 -0.0884023 
-1.92 0.16 -0.0674468 
-2 0.16 -0.0488426 
-2.08 0.16 -0.0321711 
-2.16 0.16 -0.0171102 
-2.24 0.16 -0.00341029 
-2.32 0.16 0.00912826 
-2.4 0.16 0.020667 
-2.48 0.16 0.0313331 
-2.56 0.16 0.0412352 
-2.64 0.16 0.0504626 
-2.72 0.16 0.0590863 
-2.8 0.16 0.067173 
-2.88 0.16 0.0747749 
-2.96 0.16 0.081938 
-3.04 0.16 0.0887042 
-3.12 0.16 0.0951077 
-3.2 0.16 0.101181 
-3.28 0.16 0.106948 
-3.36 0.16 0.112437 
-3.44 0.16 0.117666 
-3.52 0.16 0.122655 
-3.6 0.16 0.127424 
-3.68 0.16 0.131986 
-3.76 0.16 0.136354 
-3.84 0.16 0.140542 
-3.92 0.16 0.144563 
-4 0.16 0.148427 
0 0.2 0.117944 
-0.08 0.2 0.0902125 
-0.16 0.2 0.0632111 
-0.24 0.2 0.0374371 
-0.32 0.2 0.01251 
-0.4 0.2 -0.0120932 
-0.48 0.2 -0.03683 
-0.56 0.2 -0.0618391 
-0.64 0.2 -0.0871623 
-0.72 0.2 -0.112923 
-0.8 0.2 -0.139289 
-0.88 0.2 -0.166025 
-0.96 0.2 -0.192513 
-1.04 0.2 -0.218074 
-1.12 0.2 -0.241433 
-1.2 0.2 -0.257695 
-1.28 0.2 -0.258872 
-1.36 0.2 -0.244867 
-1.44 0.2 -0.220809 
-1.52 0.2 -0.191284 
-1.6 0.2 -0.160911 
-1.68 0.2 -0.132583 
-1.76 0.2 -0.10717 
-1.84 0.2 -0.0845885 
-1.92 0.2 -0.0644791 
-2 0.2 -0.0464698 
-2.08 0.2 -0.0302295 
-2.16 0.2 -0.0154944 
-2.24 0.2 -0.00204541 
-2.32 0.2 0.0102992 
-2.4 0.2 0.021679 
-2.48 0.2 0.03222 
-2.56 0.2 0.0420153 
-2.64 0.2 0.0511539 
-2.72 0.2 0.0597043 
-2.8 0.2 0.0677272 
-2.88 0.2 0.0752755 
-2.96 0.2 0.0823919 
-3.04 0.2 0.0891176 
-3.12 0.2 0.0954864 
-3.2 0.2 0.101527 
-3.28 0.2 0.107267 
-3.36 0.2 0.112731 
-3.44 0.2 0.117937 
-3.52 0.2 0.122908 
-3.6 0.2 0.127658 
-3.68 0.2 0.132203 
-3.76 0.2 0.136557 
-3.84 0.2 0.140733 
-3.92 0.2 0.144742 
-4 0.2 0.148594 
0 0.24 0.119458 
-0.08 0.24 0.0918143 
-0.16 0.24 0.0655563 
-0.24 0.24 0.0405655 
-0.32 0.24 0.0162815 
-0.4 0.24 -0.00754304 
-0.48 0.24 -0.031317 
-0.56 0.24 -0.0552518 
-0.64 0.24 -0.0793583 
-0.72 0.24 -0.103721 
-0.8 0.24 -0.128335 
-0.88 0.24 -0.152928 
-0.96 0.24 -0.176868 
-1.04 0.24 -0.199326 
-1.12 0.24 -0.218614 
-1.2 0.24 -0.231 
-1.28 0.24 -0.231919 
-1.36 0.24 -0.220976 
-1.44 0.24 -0.201279 
-1.52 0.24 -0.176514 
-1.6 0.24 -0.150213 
-1.68 0.24 -0.124818 
-1.76 0.24 -0.101392 
-1.84 0.24 -0.0801593 
-1.92 0.24 -0.0609894 
-2 0.24 -0.0436534 
-2.08 0.24 -0.0279131 
-2.16 0.24 -0.0135578 
-2.24 0.24 -0.000401328 
-2.32 0.24 0.0117085 
-2.4 0.24 0.0229016 
-2.48 0.24 0.0332905 
-2.56 0.24 0.0429595 
-2.64 0.24 0.0519933 
-2.72 0.24 0.0604552 
-2.8 0.24 0.068401 
-2.88 0.24 0.0758821 
-2.96 0.24 0.0829435 
-3.04 0.24 0.0896198 
-3.12 0.24 0.0959452 
-3.2 0.24 0.101948 
-3.28 0.24 0.107654 
-3.36 0.24 0.113088 
-3.44 0.24 0.118269 
-3.52 0.24 0.123215 
-3.6 0.24 0.127943 
-3.68 0.24 0.132469 
-3.76 0.24 0.136805 
-3.84 0.24 0.140965 
-3.92 0.24 0.14496 
-4 0.24 0.148798 
0 0.28 0.121338 
-0.08 0.28 0.0937267 
-0.16 0.28 0.0677994 
-0.24 0.28 0.0434783 
-0.32 0.28 0.0199884 
-0.4 0.28 -0.00297631 
-0.48 0.28 -0.0257954 
-0.56 0.28 -0.0485969 
-0.64 0.28 -0.0714835 
-0.72 0.28 -0.0944414 
-0.8 0.28 -0.117377 
-0.88 0.28 -0.139962 
-0.96 0.28 -0.161584 
-1.04 0.28 -0.181299 
-1.12 0.28 -0.19746 
-1.2 0.28 -0.207307 
-1.28 0.28 -0.208047 
-1.36 0.28 -0.199277 
-1.44 0.28 -0.183025 
-1.52 0.28 -0.162095 
-1.6 0.28 -0.139248 
-1.68 0.28 -0.116539 
-1.76 0.28 -0.0950552 
-1.84 0.28 -0.0752109 
-1.92 0.28 -0.057042 
-2 0.28 -0.0404405 
-2.08 0.28 -0.0252533 
-2.16 0.28 -0.0113222 
-2.24 0.28 0.00150105 
-2.32 0.28 0.0133486 
-2.4 0.28 0.024327 
-2.48 0.28 0.0345383 
-2.56 0.28 0.0440621 
-2.64 0.28 0.0529741 
-2.72 0.28 0.0613322 
-2.8 0.28 0.0691909 
-2.88 0.28 0.0765973 
-2.96 0.28 0.0835909 
-3.04 0.28 0.0902113 
-3.12 0.28 0.0964845 
-3.2 0.28 0.102443 
-3.28 0.28 0.10811 
-3.36 0.28 0.113509 
-3.44 0.28 0.118658 
-3.52 0.28 0.123576 
-3.6 0.28 0.128279 
-3.68 0.28 0.132783 
-3.76 0.28 0.137099 
-3.84 0.28 0.141239 
-3.92 0.28 0.145216 
-4 0.28 0.149039 
0 0.32 0.123228 
-0.08 0.32 0.0956706 
-0.16 0.32 0.069894 
-0.24 0.32 0.0462074 
-0.32 0.32 0.0235487 
-0.4 0.32 0.00152289 
-0.48 0.32 -0.0202441 
-0.56 0.32 -0.0419297 
-0.64 0.32 -0.0635818 
-0.72 0.32 -0.0851674 
-0.8 0.32 -0.106504 
-0.88 0.32 -0.127236 
-0.96 0.32 -0.146758 
-1.04 0.32 -0.164124 
-1.12 0.32 -0.177881 
-1.2 0.32 -0.185973 
-1.28 0.32 -0.186601 
-1.36 0.32 -0.179467 
-1.44 0.32 -0.165933 
-1.52 0.32 -0.148129 
-1.6 0.32 -0.128224 
-1.68 0.32 -0.107931 
-1.76 0.32 -0.0883054 
-1.84 0.32 -0.069839 
-1.92 0.32 -0.0526987 
-2 0.32 -0.0368736 
-2.08 0.32 -0.0222785 
-2.16 0.32 -0.00880968 
-2.24 0.32 0.00364852 
-2.32 0.32 0.0152034 
-2.4 0.32 0.0259443 
-2.48 0.32 0.0359585 
-2.56 0.32 0.0453208 
-2.64 0.32 0.0540923 
-2.72 0.32 0.0623334 
-2.8 0.32 0.0700929 
-2.88 0.32 0.0774133 
-2.96 0.32 0.0843326 
-3.04 0.32 0.0908865 
-3.12 0.32 0.0971038 
-3.2 0.32 0.103011 
-3.28 0.32 0.108633 
-3.36 0.32 0.113992 
-3.44 0.32 0.119105 
-3.52 0.32 0.123991 
-3.6 0.32 0.128666 
-3.68 0.32 0.133143 
-3.76 0.32 0.137434 
-3.84 0.32 0.141554 
-3.92 0.32 0.145511 
-4 0.32 0.149317 
0 0.36 0.124905 
-0.08 0.36 0.097371 
-0.16 0.36 0.0717803 
-0.24 0.36 0.0486151 
-0.32 0.36 0.0269551 
-0.4 0.36 0.00598408 
-0.48 0.36 -0.0147002 
-0.56 0.36 -0.0352652 
-0.64 0.36 -0.0557139 
-0.72 0.36 -0.0759483 
-0.8 0.36 -0.0957688 
-0.88 0.36 -0.114813 
-0.96 0.36 -0.132459 
-1.04 0.36 -0.147847 
-1.12 0.36 -0.159718 
-1.2 0.36 -0.166554 
-1.28 0.36 -0.167141 
-1.36 0.36 -0.161279 
-1.44 0.36 -0.149917 
-1.52 0.36 -0.134677 
-1.6 0.36 -0.117277 
-1.68 0.36 -0.0991453 
-1.76 0.36 -0.0812509 
-1.84 0.36 -0.064134 
-1.92 0.36 -0.0480242 
-2 0.36 -0.032996 
-2.08 0.36 -0.0190246 
-2.16 0.36 -0.00604252 
-2.24 0.36 0.00602467 
-2.32 0.36 0.0172605 
-2.4 0.36 0.0277428 
-2.48 0.36 0.037541 
-2.56 0.36 0.0467239 
-2.64 0.36 0.0553453 
-2.72 0.36 0.0634566 
-2.8 0.36 0.0711044 
-2.88 0.36 0.0783287 
-2.96 0.36 0.0851659 
-3.04 0.36 0.0916467 
-3.12 0.36 0.0977991 
-3.2 0.36 0.103651 
-3.28 0.36 0.109224 
-3.36 0.36 0.114536 
-3.44 0.36 0.11961 
-3.52 0.36 0.124459 
-3.6 0.36 0.129101 
-3.68 0.36 0.133548 
-3.76 0.36 0.137814 
-3.84 0.36 0.141909 
-3.92 0.36 0.145844 
-4 0.36 0.149629 
0 0.4 0.126434 
-0.08 0.4 0.0986812 
-0.16 0.4 0.0732517 
-0.24 0.4 0.0505634 
-0.32 0.4 0.0302268 
-0.4 0.4 0.0104022 
-0.48 0.4 -0.0092137 
-0.56 0.4 -0.0286443 
-0.64 0.4 -0.0478852 
-0.72 0.4 -0.0668218 
-0.8 0.4 -0.0852318 
-0.88 0.4 -0.102718 
-0.96 0.4 -0.118716 
-1.04 0.4 -0.13243 
-1.12 0.4 -0.142809 
-1.2 0.4 -0.148729 
-1.28 0.4 -0.149326 
-1.36 0.4 -0.144471 
-1.44 0.4 -0.134874 
-1.52 0.4 -0.121759 
-1.6 0.4 -0.106501 
-1.68 0.4 -0.0902886 
-1.76 0.4 -0.0740011 
-1.84 0.4 -0.058167 
-1.92 0.4 -0.0430811 
-2 0.4 -0.0288544 
-2.08 0.4 -0.0155216 
-2.16 0.4 -0.0030498 
-2.24 0.4 0.00860782 
-2.32 0.4 0.0195073 
-2.4 0.4 0.0297133 
-2.48 0.4 0.03928 
-2.56 0.4 0.0482674 
-2.64 0.4 0.0567236 
-2.72 0.4 0.0646953 
-2.8 0.4 0.0722222 
-2.88 0.4 0.0793418 
-2.96 0.4 0.0860871 
-3.04 0.4 0.0924883 
-3.12 0.4 0.0985714 
-3.2 0.4 0.10436 
-3.28 0.4 0.109876 
-3.36 0.4 0.115141 
-3.44 0.4 0.12017 
-3.52 0.4 0.124979 
-3.6 0.4 0.129586 
-3.68 0.4 0.133999 
-3.76 0.4 0.138236 
-3.84 0.4 0.142304 
-3.92 0.4 0.146214 
-4 0.4 0.149977 
0 0.44 0.127731 
-0.08 0.44 0.0994137 
-0.16 0.44 0.0739572 
-0.24 0.44 0.0518636 
-0.32 0.44 0.0333784 
-0.4 0.44 0.0147446 
-0.48 0.44 -0.00375016 
-0.56 0.44 -0.0220609 
-0.64 0.44 -0.0401306 
-0.72 0.44 -0.0578306 
-0.8 0.44 -0.0749095 
-0.88 0.44 -0.0909885 
-0.96 0.44 -0.105532 
-1.04 0.44 -0.117835 
-1.12 0.44 -0.127036 
-1.2 0.44 -0.132258 
-1.28 0.44 -0.132895 
-1.36 0.44 -0.128867 
-1.44 0.44 -0.120708 
-1.52 0.44 -0.109374 
-1.6 0.44 -0.0959488 
-1.68 0.44 -0.0814451 
-1.76 0.44 -0.0666273 
-1.84 0.44 -0.0520173 
-1.92 0.44 -0.0379182 
-2 0.44 -0.0244903 
-2.08 0.44 -0.0118004 
-2.16 0.44 0.000149876 
-2.24 0.44 0.0113773 
-2.32 0.44 0.0219271 
-2.4 0.44 0.0318408 
-2.48 0.44 0.0411639 
-2.56 0.44 0.0499443 
-2.64 0.44 0.0582251 
-2.72 0.44 0.0660451 
-2.8 0.44 0.0734423 
-2.88 0.44 0.0804488 
-2.96 0.44 0.0870953 
-3.04 0.44 0.0934086 
-3.12 0.44 0.0994151 
-3.2 0.44 0.105137 
-3.28 0.44 0.110593 
-3.36 0.44 0.115803 
-3.44 0.44 0.120784 
-3.52 0.44 0.125551 
-3.6 0.44 0.130118 
-3.68 0.44 0.134496 
-3.76 0.44 0.1387 
-3.84 0.44 0.142738 
-3.92 0.44 0.146622 
-4 0.44 0.150359 
0 0.48 0.128785 
-0.08 0.48 0.0998946 
-0.16 0.48 0.0753874 
-0.24 0.48 0.0537913 
-0.32 0.48 0.0365372 
-0.4 0.48 0.0190463 
-0.48 0.48 0.00166643 
-0.56 0.48 -0.0155272 
-0.64 0.48 -0.0324711 
-0.72 0.48 -0.0489832 
-0.8 0.48 -0.0648376 
-0.88 0.48 -0.0796434 
-0.96 0.48 -0.0929091 
-1.04 0.48 -0.104015 
-1.12 0.48 -0.112251 
-1.2 0.48 -0.116948 
-1.28 0.48 -0.117646 
-1.36 0.48 -0.114309 
-1.44 0.48 -0.107343 
-1.52 0.48 -0.0975048 
-1.6 0.48 -0.0856633 
-1.68 0.48 -0.0726691 
-1.76 0.48 -0.0591956 
-1.84 0.48 -0.0457275 
-1.92 0.48 -0.0325841 
-2 0.48 -0.0199419 
-2.08 0.48 -0.00789398 
-2.16 0.48 0.00352676 
-2.24 0.48 0.0143208 
-2.32 0.48 0.0245049 
-2.4 0.48 0.0341147 
-2.48 0.48 0.0431827 
-2.56 0.48 0.0517454 
-2.64 0.48 0.0598387 
-2.72 0.48 0.0675007 
-2.8 0.48 0.0747581 
-2.88 0.48 0.0816449 
-2.96 0.48 0.0881857 
-3.04 0.48 0.0944071 
-3.12 0.48 0.100332 
-3.2 0.48 0.10598 
-3.28 0.48 0.111371 
-3.36 0.48 0.116523 
-3.44 0.48 0.121452 
-3.52 0.48 0.126171 
-3.6 0.48 0.130696 
-3.68 0.48 0.135037 
-3.76 0.48 0.139205 
-3.84 0.48 0.143211 
-3.92 0.48 0.147066 
-4 0.48 0.150777 
0 0.52 0.129538 
-0.08 0.52 0.100365 
-0.16 0.52 0.0768217 
-0.24 0.52 0.0563407 
-0.32 0.52 0.0397236 
-0.4 0.52 0.0233092 
-0.48 0.52 0.00704277 
-0.56 0.52 -0.00905501 
-0.64 0.52 -0.0249064 
-0.72 0.52 -0.0403173 
-0.8 0.52 -0.055026 
-0.88 0.52 -0.0686818 
-0.96 0.52 -0.0808216 
-1.04 0.52 -0.0909133 
-1.12 0.52 -0.0983636 
-1.2 0.52 -0.102648 
-1.28 0.52 -0.103422 
-1.36 0.52 -0.100662 
-1.44 0.52 -0.0947012 
-1.52 0.52 -0.0861306 
-1.6 0.52 -0.0756662 
-1.68 0.52 -0.0640097 
-1.76 0.52 -0.0517595 
-1.84 0.52 -0.039359 
-1.92 0.52 -0.0271221 
-2 0.52 -0.0152413 
-2.08 0.52 -0.0038281 
-2.16 0.52 0.0070625 
-2.24 0.52 0.0174132 
-2.32 0.52 0.0272279 
-2.4 0.52 0.0365246 
-2.48 0.52 0.0453275 
-2.56 0.52 0.053664 
-2.64 0.52 0.0615643 
-2.72 0.52 0.069056 
-2.8 0.52 0.0761689 
-2.88 0.52 0.0829275 
-2.96 0.52 0.0893569 
-3.04 0.52 0.0954805 
-3.12 0.52 0.101317 
-3.2 0.52 0.106888 
-3.28 0.52 0.112209 
-3.36 0.52 0.117299 
-3.44 0.52 0.122173 
-3.52 0.52 0.126842 
-3.6 0.52 0.13132 
-3.68 0.52 0.135619 
-3.76 0.52 0.139751 
-3.84 0.52 0.143723 
-3.92 0.52 0.147546 
-4 0.52 0.151228 
0 0.56 0.129835 
-0.08 0.56 0.101397 
-0.16 0.56 0.0772221 
-0.24 0.56 0.0589582 
-0.32 0.56 0.0428836 
-0.4 0.56 0.0275343 
-0.48 0.56 0.0123785 
-0.56 0.56 -0.00265381 
-0.64 0.56 -0.0174407 
-0.72 0.56 -0.031808 
-0.8 0.56 -0.0454708 
-0.88 0.56 -0.0580927 
-0.96 0.56 -0.0692538 
-1.04 0.56 -0.0784736 
-1.12 0.56 -0.0852768 
-1.2 0.56 -0.089236 
-1.28 0.56 -0.0900887 
-1.36 0.56 -0.0878275 
-1.44 0.56 -0.0827184 
-1.52 0.56 -0.0752309 
-1.6 0.56 -0.0659602 
-1.68 0.56 -0.0554939 
-1.76 0.56 -0.0443551 
-1.84 0.56 -0.0329475 
-1.92 0.56 -0.0215694 
-2 0.56 -0.0104236 
-2.08 0.56 0.000367367 
-2.16 0.56 0.0107342 
-2.24 0.56 0.0206419 
-2.32 0.56 0.0300807 
-2.4 0.56 0.0390584 
-2.48 0.56 0.0475889 
-2.56 0.56 0.055692 
-2.64 0.56 0.0633901 
-2.72 0.56 0.0707075 
-2.8 0.56 0.0776676 
-2.88 0.56 0.0842923 
-2.96 0.56 0.0906043 
-3.04 0.56 0.0966237 
-3.12 0.56 0.102369 
-3.2 0.56 0.107857 
-3.28 0.56 0.113106 
-3.36 0.56 0.11813 
-3.44 0.56 0.122943 
-3.52 0.56 0.127559 
-3.6 0.56 0.131989 
-3.68 0.56 0.136245 
-3.76 0.56 0.140336 
-3.84 0.56 0.144271 
-3.92 0.56 0.148061 
-4 0.56 0.151713 
0 0.6 0.129607 
-0.08 0.6 0.101479 
-0.16 0.6 0.0788166 
-0.24 0.6 0.0607254 
-0.32 0.6 0.0458807 
-0.4 0.6 0.031734 
-0.48 0.6 0.0176806 
-0.56 0.6 0.00369501 
-0.64 0.6 -0.0100861 
-0.72 0.6 -0.0234796 
-0.8 0.6 -0.0361728 
-0.88 0.6 -0.047868 
-0.96 0.6 -0.0581586 
-1.04 0.6 -0.0666508 
-1.12 0.6 -0.0729018 
-1.2 0.6 -0.0766075 
-1.28 0.6 -0.0775413 
-1.36 0.6 -0.0757062 
-1.44 0.6 -0.0713248 
-1.52 0.6 -0.0647779 
-1.6 0.6 -0.0565535 
-1.68 0.6 -0.0471454 
-1.76 0.6 -0.037012 
-1.84 0.6 -0.0265215 
-1.92 0.6 -0.0159568 
-2 0.6 -0.00551604 
-2.08 0.6 0.00467144 
-2.16 0.6 0.0145199 
-2.24 0.6 0.0239857 
-2.32 0.6 0.0330493 
-2.4 0.6 0.041704 
-2.48 0.6 0.0499577 
-2.56 0.6 0.0578207 
-2.64 0.6 0.0653113 
-2.72 0.6 0.072448 
-2.8 0.6 0.0792494 
-2.88 0.6 0.0857357 
-2.96 0.6 0.0919248 
-3.04 0.6 0.0978356 
-3.12 0.6 0.103484 
-3.2 0.6 0.108887 
-3.28 0.6 0.114058 
-3.36 0.6 0.119012 
-3.44 0.6 0.123764 
-3.52 0.6 0.128323 
-3.6 0.6 0.132702 
-3.68 0.6 0.136911 
-3.76 0.6 0.140959 
-3.84 0.6 0.144856 
-3.92 0.6 0.14861 
-4 0.6 0.152229 
0 0.64 0.12905 
-0.08 0.64 0.102247 
-0.16 0.64 0.0787114 
-0.24 0.64 0.0616887 
-0.32 0.64 0.0487782 
-0.4 0.64 0.0359214 
-0.48 0.64 0.0229684 
-0.56 0.64 0.0100014 
-0.64 0.64 -0.00283459 
-0.72 0.64 -0.0153059 
-0.8 0.64 -0.0271369 
-0.88 0.64 -0.0379856 
-0.96 0.64 -0.0475223 
-1.04 0.64 -0.0553752 
-1.12 0.64 -0.0611783 
-1.2 0.64 -0.0646727 
-1.28 0.64 -0.0656888 
-1.36 0.64 -0.0642316 
-1.44 0.64 -0.0604778 
-1.52 0.64 -0.0547462 
-1.6 0.64 -0.0474389 
-1.68 0.64 -0.0389761 
-1.76 0.64 -0.0297588 
-1.84 0.64 -0.0201162 
-1.92 0.64 -0.010311 
-2 0.64 -0.000541754 
-2.08 0.64 0.00905986 
-2.16 0.64 0.0184042 
-2.24 0.64 0.027433 
-2.32 0.64 0.036121 
-2.4 0.64 0.0444497 
-2.48 0.64 0.0524212 
-2.56 0.64 0.0600423 
-2.64 0.64 0.0673215 
-2.72 0.64 0.0742721 
-2.8 0.64 0.0809111 
-2.88 0.64 0.0872531 
-2.96 0.64 0.0933153 
-3.04 0.64 0.0991133 
-3.12 0.64 0.104661 
-3.2 0.64 0.109973 
-3.28 0.64 0.115065 
-3.36 0.64 0.119947 
-3.44 0.64 0.124633 
-3.52 0.64 0.129133 
-3.6 0.64 0.133457 
-3.68 0.64 0.137617 
-3.76 0.64 0.141621 
-3.84 0.64 0.145477 
-3.92 0.64 0.149194 
-4 0.64 0.152779 
0 0.68 0.129692 
-0.08 0.68 0.103115 
-0.16 0.68 0.0776738 
-0.24 0.68 0.0621145 
-0.32 0.68 0.0516847 
-0.4 0.68 0.0401355 
-0.48 0.68 0.0282684 
-0.56 0.68 0.0162658 
-0.64 0.68 0.00432624 
-0.72 0.68 -0.00730764 
-0.8 0.68 -0.0183294 
-0.88 0.68 -0.0284384 
-0.96 0.68 -0.0373016 
-1.04 0.68 -0.0446013 
-1.12 0.68 -0.0500317 
-1.2 0.68 -0.0533541 
-1.28 0.68 -0.0544591 
-1.36 0.68 -0.053331 
-1.44 0.68 -0.0501269 
-1.52 0.68 -0.0451092 
-1.6 0.68 -0.0386102 
-1.68 0.68 -0.0309964 
-1.76 0.68 -0.0226077 
-1.84 0.68 -0.0137463 
-1.92 0.68 -0.00465698 
-2 0.68 0.00447603 
-2.08 0.68 0.013513 
-2.16 0.68 0.022366 
-2.24 0.68 0.0309662 
-2.32 0.68 0.0392801 
-2.4 0.68 0.0472867 
-2.48 0.68 0.0549757 
-2.56 0.68 0.0623506 
-2.64 0.68 0.0694121 
-2.72 0.68 0.0761737 
-2.8 0.68 0.0826462 
-2.88 0.68 0.0888417 
-2.96 0.68 0.0947721 
-3.04 0.68 0.100453 
-3.12 0.68 0.105897 
-3.2 0.68 0.111117 
-3.28 0.68 0.116123 
-3.36 0.68 0.12093 
-3.44 0.68 0.125548 
-3.52 0.68 0.129986 
-3.6 0.68 0.134254 
-3.68 0.68 0.138363 
-3.76 0.68 0.142319 
-3.84 0.68 0.146133 
-3.92 0.68 0.14981 
-4 0.68 0.153359 
0 0.72 0.131724 
-0.08 0.72 0.104239 
-0.16 0.72 0.0785806 
-0.24 0.72 0.0641148 
-0.32 0.72 0.0547836 
-0.4 0.72 0.0444061 
-0.48 0.72 0.0336161 
-0.56 0.72 0.0225237 
-0.64 0.72 0.0114123 
-0.72 0.72 0.000551424 
-0.8 0.72 -0.00975839 
-0.88 0.72 -0.0192055 
-0.96 0.72 -0.0274791 
-1.04 0.72 -0.0343073 
-1.12 0.72 -0.0394164 
-1.2 0.72 -0.0426116 
-1.28 0.72 -0.04379 
-1.36 0.72 -0.042956 
-1.44 0.72 -0.0402325 
-1.52 0.72 -0.035841 
-1.6 0.72 -0.0300637 
-1.68 0.72 -0.0232062 
-1.76 0.72 -0.0155759 
-1.84 0.72 -0.00743235 
-1.92 0.72 0.000988514 
-2 0.72 0.00951768 
-2.08 0.72 0.0180166 
-2.16 0.72 0.026389 
-2.24 0.72 0.0345717 
-2.32 0.72 0.0425177 
-2.4 0.72 0.0502009 
-2.48 0.72 0.0576094 
-2.56 0.72 0.0647345 
-2.64 0.72 0.0715789 
-2.72 0.72 0.0781483 
-2.8 0.72 0.0844498 
-2.88 0.72 0.090495 
-2.96 0.72 0.0962922 
-3.04 0.72 0.101853 
-3.12 0.72 0.107189 
-3.2 0.72 0.112312 
-3.28 0.72 0.117233 
-3.36 0.72 0.121961 
-3.44 0.72 0.126507 
-3.52 0.72 0.130881 
-3.6 0.72 0.135091 
-3.68 0.72 0.139146 
-3.76 0.72 0.143054 
-3.84 0.72 0.146822 
-3.92 0.72 0.150459 
-4 0.72 0.15397 
0 0.76 0.133898 
-0.08 0.76 0.106111 
-0.16 0.76 0.0813558 
-0.24 0.76 0.0672322 
-0.32 0.76 0.0581041 
-0.4 0.76 0.0488145 
-0.48 0.76 0.0390144 
-0.56 0.76 0.0287948 
-0.64 0.76 0.0184319 
-0.72 0.76 0.00826383 
-0.8 0.76 -0.00139772 
-0.88 0.76 -0.0102582 
-0.96 0.76 -0.0180255 
-1.04 0.76 -0.0244364 
-1.12 0.76 -0.0292752 
-1.2 0.76 -0.0323671 
-1.28 0.76 -0.0336266 
-1.36 0.76 -0.033052 
-1.44 0.76 -0.0307616 
-1.52 0.76 -0.0269218 
-1.6 0.76 -0.0217824 
-1.68 0.76 -0.0156085 
-1.76 0.76 -0.00866595 
-1.84 0.76 -0.00119046 
-1.92 0.76 0.00660965 
-2 0.76 0.0145657 
-2.08 0.76 0.0225507 
-2.16 0.76 0.0304626 
-2.24 0.76 0.0382374 
-2.32 0.76 0.0458218 
-2.4 0.76 0.0531865 
-2.48 0.76 0.0603135 
-2.56 0.76 0.0671895 
-2.64 0.76 0.0738151 
-2.72 0.76 0.0801903 
-2.8 0.76 0.0863191 
-2.88 0.76 0.0922098 
-2.96 0.76 0.0978696 
-3.04 0.76 0.103308 
-3.12 0.76 0.108535 
-3.2 0.76 0.113558 
-3.28 0.76 0.11839 
-3.36 0.76 0.123037 
-3.44 0.76 0.12751 
-3.52 0.76 0.131817 
-3.6 0.76 0.135966 
-3.68 0.76 0.139966 
-3.76 0.76 0.143823 
-3.84 0.76 0.147546 
-3.92 0.76 0.151139 
-4 0.76 0.15461 
0 0.8 0.135373 
-0.08 0.8 0.108218 
-0.16 0.8 0.0847037 
-0.24 0.8 0.0699102 
-0.32 0.8 0.0614676 
-0.4 0.8 0.0533519 
-0.48 0.8 0.0445288 
-0.56 0.8 0.0350959 
-0.64 0.8 0.0254144 
-0.72 0.8 0.0158535 
-0.8 0.8 0.00676048 
-0.88 0.8 -0.00157836 
-0.96 0.8 -0.00890239 
-1.04 0.8 -0.0149666 
-1.12 0.8 -0.0195758 
-1.2 0.8 -0.0225829 
-1.28 0.8 -0.0239197 
-1.36 0.8 -0.0235822 
-1.44 0.8 -0.0216695 
-1.52 0.8 -0.0183258 
-1.6 0.8 -0.0137625 
-1.68 0.8 -0.00820602 
-1.76 0.8 -0.00188965 
-1.84 0.8 0.00497334 
-1.92 0.8 0.0121921 
-2 0.8 0.0196104 
-2.08 0.8 0.0271032 
-2.16 0.8 0.0345725 
-2.24 0.8 0.0419482 
-2.32 0.8 0.0491804 
-2.4 0.8 0.0562314 
-2.48 0.8 0.0630788 
-2.56 0.8 0.0697086 
-2.64 0.8 0.0761137 
-2.72 0.8 0.0822926 
-2.8 0.8 0.0882488 
-2.88 0.8 0.0939833 
-2.96 0.8 0.0995035 
-3.04 0.8 0.104817 
-3.12 0.8 0.109931 
-3.2 0.8 0.114853 
-3.28 0.8 0.119592 
-3.36 0.8 0.124157 
-3.44 0.8 0.128554 
-3.52 0.8 0.132792 
-3.6 0.8 0.136879 
-3.68 0.8 0.140821 
-3.76 0.8 0.144626 
-3.84 0.8 0.1483 
-3.92 0.8 0.15185 
-4 0.8 0.15528 
0 0.84 0.137795 
-0.08 0.84 0.112419 
-0.16 0.84 0.0889279 
-0.24 0.84 0.0723298 
-0.32 0.84 0.0648196 
-0.4 0.84 0.058086 
-0.48 0.84 0.0502339 
-0.56 0.84 0.0414781 
-0.64 0.84 0.0323551 
-0.72 0.84 0.023333 
-0.8 0.84 0.0147276 
-0.88 0.84 0.00683877 
-0.96 0.84 -9.5207e-05 
-1.04 0.84 -0.00586022 
-1.12 0.84 -0.0102761 
-1.2 0.84 -0.0132278 
-1.28 0.84 -0.0146343 
-1.36 0.84 -0.0145115 
-1.44 0.84 -0.0129385 
-1.52 0.84 -0.0100385 
-1.6 0.84 -0.00598896 
-1.68 0.84 -0.00099091 
-1.76 0.84 0.00475338 
-1.84 0.84 0.0110474 
-1.92 0.84 0.0177258 
-2 0.84 0.024636 
-2.08 0.84 0.0316626 
-2.16 0.84 0.0387054 
-2.24 0.84 0.0456982 
-2.32 0.84 0.052585 
-2.4 0.84 0.0593262 
-2.48 0.84 0.0658988 
-2.56 0.84 0.0722826 
-2.64 0.84 0.0784694 
-2.72 0.84 0.0844526 
-2.8 0.84 0.090233 
-2.88 0.84 0.0958091 
-2.96 0.84 0.101189 
-3.04 0.84 0.106375 
-3.12 0.84 0.111374 
-3.2 0.84 0.116193 
-3.28 0.84 0.120839 
-3.36 0.84 0.125318 
-3.44 0.84 0.129638 
-3.52 0.84 0.133806 
-3.6 0.84 0.137828 
-3.68 0.84 0.141711 
-3.76 0.84 0.145462 
-3.84 0.84 0.149086 
-3.92 0.84 0.15259 
-4 0.84 0.155978 
0 0.88 0.142693 
-0.08 0.88 0.11761 
-0.16 0.88 0.0952894 
-0.24 0.88 0.0734258 
-0.32 0.88 0.0681506 
-0.4 0.88 0.0631648 
-0.48 0.88 0.0561594 
-0.56 0.88 0.0479245 
-0.64 0.88 0.0392748 
-0.72 0.88 0.0306991 
-0.8 0.88 0.0225155 
-0.88 0.88 0.0150141 
-0.96 0.88 0.008412 
-1.04 0.88 0.00290771 
-1.12 0.88 -0.00135144 
-1.2 0.88 -0.00424554 
-1.28 0.88 -0.00573435 
-1.36 0.88 -0.00580927 
-1.44 0.88 -0.00454063 
-1.52 0.88 -0.00203751 
-1.6 0.88 0.00154658 
-1.68 0.88 0.00603591 
-1.76 0.88 0.0112569 
-1.84 0.88 0.0170289 
-1.92 0.88 0.0231997 
-2 0.88 0.0296344 
-2.08 0.88 0.0362159 
-2.16 0.88 0.0428517 
-2.24 0.88 0.0494743 
-2.32 0.88 0.0560257 
-2.4 0.88 0.062466 
-2.48 0.88 0.0687661 
-2.56 0.88 0.074907 
-2.64 0.88 0.080875 
-2.72 0.88 0.0866622 
-2.8 0.88 0.0922663 
-2.88 0.88 0.0976855 
-2.96 0.88 0.102923 
-3.04 0.88 0.10798 
-3.12 0.88 0.112863 
-3.2 0.88 0.117577 
-3.28 0.88 0.122127 
-3.36 0.88 0.126519 
-3.44 0.88 0.13076 
-3.52 0.88 0.134856 
-3.6 0.88 0.138812 
-3.68 0.88 0.142634 
-3.76 0.88 0.14633 
-3.84 0.88 0.149903 
-3.92 0.88 0.153359 
-4 0.88 0.156704 
0 0.92 0.147884 
-0.08 0.92 0.123468 
-0.16 0.92 0.102809 
-0.24 0.92 0.0810704 
-0.32 0.92 0.0714599 
-0.4 0.92 0.0688113 
-0.48 0.92 0.0623671 
-0.56 0.92 0.0544841 
-0.64 0.92 0.0461868 
-0.72 0.92 0.0379595 
-0.8 0.92 0.0301414 
-0.88 0.92 0.0229621 
-0.96 0.92 0.0166493 
-1.04 0.92 0.0113638 
-1.12 0.92 0.00723635 
-1.2 0.92 0.00437485 
-1.28 0.92 0.00281305 
-1.36 0.92 0.00255661 
-1.44 0.92 0.00354758 
-1.52 0.92 0.00569171 
-1.6 0.92 0.00885586 
-1.68 0.92 0.0128823 
-1.76 0.92 0.0176214 
-1.84 0.92 0.0229108 
-1.92 0.92 0.028612 
-2 0.92 0.0345969 
-2.08 0.92 0.0407558 
-2.16 0.92 0.047004 
-2.24 0.92 0.0532683 
-2.32 0.92 0.0594935 
-2.4 0.92 0.0656406 
-2.48 0.92 0.0716736 
-2.56 0.92 0.077575 
-2.64 0.92 0.0833257 
-2.72 0.92 0.0889191 
-2.8 0.92 0.0943467 
-2.88 0.92 0.0996068 
-2.96 0.92 0.104701 
-3.04 0.92 0.109628 
-3.12 0.92 0.114394 
-3.2 0.92 0.119002 
-3.28 0.92 0.123454 
-3.36 0.92 0.127758 
-3.44 0.92 0.131919 
-3.52 0.92 0.13594 
-3.6 0.92 0.139829 
-3.68 0.92 0.143589 
-3.76 0.92 0.147227 
-3.84 0.92 0.150748 
-3.92 0.92 0.154156 
-4 0.92 0.157456 
0 0.96 0.153667 
-0.08 0.96 0.131257 
-0.16 0.96 0.111173 
-0.24 0.96 0.0928988 
-0.32 0.96 0.081463 
-0.4 0.96 0.0755012 
-0.48 0.96 0.0689086 
-0.56 0.96 0.0611279 
-0.64 0.96 0.0530623 
-0.72 0.96 0.045121 
-0.8 0.96 0.0375995 
-0.88 0.96 0.0307054 
-0.96 0.96 0.0246282 
-1.04 0.96 0.019525 
-1.12 0.96 0.0155068 
-1.2 0.96 0.0126636 
-1.28 0.96 0.0110339 
-1.36 0.96 0.0106108 
-1.44 0.96 0.01135 
-1.52 0.96 0.0131667 
-1.6 0.96 0.0159444 
-1.68 0.96 0.0195526 
-1.76 0.96 0.0238491 
-1.84 0.96 0.0286926 
-1.92 0.96 0.0339522 
-2 0.96 0.0395138 
-2.08 0.96 0.0452752 
-2.16 0.96 0.0511502 
-2.24 0.96 0.0570721 
-2.32 0.96 0.0629831 
-2.4 0.96 0.068843 
-2.48 0.96 0.0746156 
-2.56 0.96 0.0802801 
-2.64 0.96 0.0858183 
-2.72 0.96 0.0912172 
-2.8 0.96 0.0964691 
-2.88 0.96 0.101571 
-2.96 0.96 0.106522 
-3.04 0.96 0.111319 
-3.12 0.96 0.115966 
-3.2 0.96 0.120465 
-3.28 0.96 0.124819 
-3.36 0.96 0.129034 
-3.44 0.96 0.133111 
-3.52 0.96 0.137059 
-3.6 0.96 0.140877 
-3.68 0.96 0.144575 
-3.76 0.96 0.148155 
-3.84 0.96 0.151622 
-3.92 0.96 0.15498 
-4 0.96 0.158234 
0 1 0.159774 
-0.08 1 0.138769 
-0.16 1 0.119699 
-0.24 1 0.103202 
-0.32 1 0.0912599 
-0.4 1 0.0831195 
-0.48 1 0.0756758 
-0.56 1 0.0678373 
-0.64 1 0.0599055 
-0.72 1 0.0521825 
-0.8 1 0.0448924 
-0.88 1 0.0382396 
-0.96 1 0.032366 
-1.04 1 0.0274128 
-1.12 1 0.0234854 
-1.2 1 0.020653 
-1.28 1 0.0189501 
-1.36 1 0.0183738 
-1.44 1 0.0188825 
-1.52 1 0.0204011 
-1.6 1 0.022828 
-1.68 1 0.0260507 
-1.76 1 0.0299382 
-1.84 1 0.0343669 
-1.92 1 0.0392178 
-2 1 0.0443818 
-2.08 1 0.0497659 
-2.16 1 0.0552882 
-2.24 1 0.0608776 
-2.32 1 0.0664858 
-2.4 1 0.0720644 
-2.48 1 0.0775852 
-2.56 1 0.0830163 
-2.64 1 0.0883433 
-2.72 1 0.0935504 
-2.8 1 0.0986295 
-2.88 1 0.103573 
-2.96 1 0.108379 
-3.04 1 0.113045 
-3.12 1 0.117573 
-3.2 1 0.121964 
-3.28 1 0.126219 
-3.36 1 0.130342 
-3.44 1 0.134338 
-3.52 1 0.138207 
-3.6 1 0.141958 
-3.68 1 0.14559 
-3.76 1 0.14911 
-3.84 1 0.152523 
-3.92 1 0.15583 
-4 1 0.159037 
0 1.04 0.165721 
-0.08 1.04 0.145783 
-0.16 1.04 0.127757 
-0.24 1.04 0.112214 
-0.32 1.04 0.100057 
-0.4 1.04 0.0907588 
-0.48 1.04 0.0825892 
-0.56 1.04 0.074576 
-0.64 1.04 0.0667024 
-0.72 1.04 0.0591256 
-0.8 1.04 0.0520379 
-0.88 1.04 0.0455734 
-0.96 1.04 0.0398735 
-1.04 1.04 0.0350464 
-1.12 1.04 0.0311877 
-1.2 1.04 0.0283591 
-1.28 1.04 0.0265852 
-1.36 1.04 0.0258648 
-1.44 1.04 0.0261597 
-1.52 1.04 0.0274067 
-1.6 1.04 0.0295168 
-1.68 1.04 0.0323829 
-1.76 1.04 0.0358943 
-1.84 1.04 0.0399376 
-1.92 1.04 0.0444052 
-2 1.04 0.0491972 
-2.08 1.04 0.0542224 
-2.16 1.04 0.0594059 
-2.24 1.04 0.0646819 
-2.32 1.04 0.069995 
-2.4 1.04 0.0753045 
-2.48 1.04 0.0805743 
-2.56 1.04 0.0857804 
-2.64 1.04 0.0908994 
-2.72 1.04 0.095918 
-2.8 1.04 0.100823 
-2.88 1.04 0.10561 
-2.96 1.04 0.110272 
-3.04 1.04 0.114807 
-3.12 1.04 0.119216 
-3.2 1.04 0.123496 
-3.28 1.04 0.127652 
-3.36 1.04 0.131684 
-3.44 1.04 0.135595 
-3.52 1.04 0.139388 
-3.6 1.04 0.143066 
-3.68 1.04 0.146633 
-3.76 1.04 0.150092 
-3.84 1.04 0.153449 
-3.92 1.04 0.156705 
-4 1.04 0.159864 
0 1.08 0.171207 
-0.08 1.08 0.152325 
-0.16 1.08 0.135211 
-0.24 1.08 0.120336 
-0.32 1.08 0.108127 
-0.4 1.08 0.0981792 
-0.48 1.08 0.0894726 
-0.56 1.08 0.0812784 
-0.64 1.08 0.073421 
-0.72 1.08 0.0659651 
-0.8 1.08 0.0590258 
-0.88 1.08 0.052716 
-0.96 1.08 0.0471544 
-1.04 1.08 0.0424366 
-1.12 1.08 0.0386318 
-1.2 1.08 0.0358014 
-1.28 1.08 0.0339558 
-1.36 1.08 0.0331017 
-1.44 1.08 0.0331998 
-1.52 1.08 0.0341986 
-1.6 1.08 0.036012 
-1.68 1.08 0.0385517 
-1.76 1.08 0.0417169 
-1.84 1.08 0.0454049 
-1.92 1.08 0.0495134 
-2 1.08 0.0539529 
-2.08 1.08 0.0586416 
-2.16 1.08 0.0635024 
-2.24 1.08 0.0684749 
-2.32 1.08 0.0735066 
-2.4 1.08 0.0785538 
-2.48 1.08 0.0835829 
-2.56 1.08 0.0885651 
-2.64 1.08 0.0934798 
-2.72 1.08 0.0983115 
-2.8 1.08 0.103047 
-2.88 1.08 0.107677 
-2.96 1.08 0.112196 
-3.04 1.08 0.116601 
-3.12 1.08 0.120891 
-3.2 1.08 0.125061 
-3.28 1.08 0.129116 
-3.36 1.08 0.133055 
-3.44 1.08 0.136881 
-3.52 1.08 0.140596 
-3.6 1.08 0.144202 
-3.68 1.08 0.147703 
-3.76 1.08 0.151101 
-3.84 1.08 0.154401 
-3.92 1.08 0.157604 
-4 1.08 0.160715 
0 1.12 0.176306 
-0.08 1.12 0.158432 
-0.16 1.12 0.14213 
-0.24 1.12 0.127773 
-0.32 1.12 0.115585 
-0.4 1.12 0.10529 
-0.48 1.12 0.0962501 
-0.56 1.12 0.0878907 
-0.64 1.12 0.0800357 
-0.72 1.12 0.0726711 
-0.8 1.12 0.0658467 
-0.88 1.12 0.059675 
-0.96 1.12 0.0542356 
-1.04 1.12 0.0495982 
-1.12 1.12 0.0458391 
-1.2 1.12 0.0429893 
-1.28 1.12 0.0410795 
-1.36 1.12 0.0400995 
-1.44 1.12 0.0400161 
-1.52 1.12 0.0407827 
-1.6 1.12 0.0423279 
-1.68 1.12 0.0445653 
-1.76 1.12 0.0474086 
-1.84 1.12 0.0507632 
-1.92 1.12 0.0545391 
-2 1.12 0.0586484 
-2.08 1.12 0.063016 
-2.16 1.12 0.0675711 
-2.24 1.12 0.0722549 
-2.32 1.12 0.077014 
-2.4 1.12 0.081808 
-2.48 1.12 0.0866018 
-2.56 1.12 0.0913681 
-2.64 1.12 0.0960832 
-2.72 1.12 0.10073 
-2.8 1.12 0.105297 
-2.88 1.12 0.109772 
-2.96 1.12 0.11415 
-3.04 1.12 0.118424 
-3.12 1.12 0.122593 
-3.2 1.12 0.126655 
-3.28 1.12 0.130609 
-3.36 1.12 0.134455 
-3.44 1.12 0.138196 
-3.52 1.12 0.141832 
-3.6 1.12 0.145365 
-3.68 1.12 0.148799 
-3.76 1.12 0.152135 
-3.84 1.12 0.155377 
-3.92 1.12 0.158527 
-4 1.12 0.161588 
0 1.16 0.181118 
-0.08 1.16 0.16415 
-0.16 1.16 0.148554 
-0.24 1.16 0.134649 
-0.32 1.16 0.122567 
-0.4 1.16 0.112125 
-0.48 1.16 0.102858 
-0.56 1.16 0.0943926 
-0.64 1.16 0.0865322 
-0.72 1.16 0.0792316 
-0.8 1.16 0.0725196 
-0.88 1.16 0.0664513 
-0.96 1.16 0.0611031 
-1.04 1.16 0.0565427 
-1.12 1.16 0.0528106 
-1.2 1.16 0.0499497 
-1.28 1.16 0.0479693 
-1.36 1.16 0.0468715 
-1.44 1.16 0.0466194 
-1.52 1.16 0.0471736 
-1.6 1.16 0.0484672 
-1.68 1.16 0.0504281 
-1.76 1.16 0.0529728 
-1.84 1.16 0.0560178 
-1.92 1.16 0.0594805 
-2 1.16 0.06328 
-2.08 1.16 0.0673442 
-2.16 1.16 0.071609 
-2.24 1.16 0.0760141 
-2.32 1.16 0.0805129 
-2.4 1.16 0.0850619 
-2.48 1.16 0.0896284 
-2.56 1.16 0.0941822 
-2.64 1.16 0.0987029 
-2.72 1.16 0.103169 
-2.8 1.16 0.107569 
-2.88 1.16 0.111892 
-2.96 1.16 0.116128 
-3.04 1.16 0.120273 
-3.12 1.16 0.124324 
-3.2 1.16 0.128276 
-3.28 1.16 0.132129 
-3.36 1.16 0.135881 
-3.44 1.16 0.139536 
-3.52 1.16 0.143093 
-3.6 1.16 0.146553 
-3.68 1.16 0.149919 
-3.76 1.16 0.153192 
-3.84 1.16 0.156376 
-3.92 1.16 0.159471 
-4 1.16 0.162482 
0 1.2 0.185735 
-0.08 1.2 0.169533 
-0.16 1.2 0.154559 
-0.24 1.2 0.141061 
-0.32 1.2 0.129135 
-0.4 1.2 0.118641 
-0.48 1.2 0.109284 
-0.56 1.2 0.100759 
-0.64 1.2 0.0929045 
-0.72 1.2 0.0856533 
-0.8 1.2 0.0790227 
-0.88 1.2 0.073051 
-0.96 1.2 0.0677812 
-1.04 1.2 0.0632755 
-1.12 1.2 0.0595649 
-1.2 1.2 0.0566846 
-1.28 1.2 0.0546393 
-1.36 1.2 0.05343 
-1.44 1.2 0.0530214 
-1.52 1.2 0.0533787 
-1.6 1.2 0.0544423 
-1.68 1.2 0.0561443 
-1.76 1.2 0.0584114 
-1.84 1.2 0.0611691 
-1.92 1.2 0.064338 
-2 1.2 0.067846 
-2.08 1.2 0.0716231 
-2.16 1.2 0.0756108 
-2.24 1.2 0.0797509 
-2.32 1.2 0.0839982 
-2.4 1.2 0.0883124 
-2.48 1.2 0.0926582 
-2.56 1.2 0.0970056 
-2.64 1.2 0.101335 
-2.72 1.2 0.105625 
-2.8 1.2 0.109862 
-2.88 1.2 0.114034 
-2.96 1.2 0.118131 
-3.04 1.2 0.122147 
-3.12 1.2 0.126078 
-3.2 1.2 0.129921 
-3.28 1.2 0.133673 
-3.36 1.2 0.137333 
-3.44 1.2 0.140901 
-3.52 1.2 0.144378 
-3.6 1.2 0.147764 
-3.68 1.2 0.151062 
-3.76 1.2 0.154272 
-3.84 1.2 0.157396 
-3.92 1.2 0.160438 
-4 1.2 0.163397 
0 1.24 0.190114 
-0.08 1.24 0.174599 
-0.16 1.24 0.160187 
-0.24 1.24 0.147086 
-0.32 1.24 0.135347 
-0.4 1.24 0.124881 
-0.48 1.24 0.115489 
-0.56 1.24 0.106949 
-0.64 1.24 0.0991188 
-0.72 1.24 0.0919146 
-0.8 1.24 0.0853625 
-0.88 1.24 0.07947 
-0.96 1.24 0.07427 
-1.04 1.24 0.0698059 
-1.12 1.24 0.0661144 
-1.2 1.24 0.0632093 
-1.28 1.24 0.0611016 
-1.36 1.24 0.059785 
-1.44 1.24 0.0592322 
-1.52 1.24 0.0594065 
-1.6 1.24 0.0602561 
-1.68 1.24 0.0617182 
-1.76 1.24 0.0637304 
-1.84 1.24 0.0662171 
-1.92 1.24 0.0691108 
-2 1.24 0.0723414 
-2.08 1.24 0.0758507 
-2.16 1.24 0.0795735 
-2.24 1.24 0.0834616 
-2.32 1.24 0.0874689 
-2.4 1.24 0.0915548 
-2.48 1.24 0.0956868 
-2.56 1.24 0.0998343 
-2.64 1.24 0.103977 
-2.72 1.24 0.108095 
-2.8 1.24 0.112171 
-2.88 1.24 0.116193 
-2.96 1.24 0.120153 
-3.04 1.24 0.124042 
-3.12 1.24 0.127855 
-3.2 1.24 0.131589 
-3.28 1.24 0.13524 
-3.36 1.24 0.138807 
-3.44 1.24 0.142289 
-3.52 1.24 0.145686 
-3.6 1.24 0.148998 
-3.68 1.24 0.152227 
-3.76 1.24 0.155373 
-3.84 1.24 0.158438 
-3.92 1.24 0.161424 
-4 1.24 0.164332 
0 1.28 0.194296 
-0.08 1.28 0.179389 
-0.16 1.28 0.165483 
-0.24 1.28 0.152746 
-0.32 1.28 0.14123 
-0.4 1.28 0.130862 
-0.48 1.28 0.121497 
-0.56 1.28 0.112971 
-0.64 1.28 0.105157 
-0.72 1.28 0.0980274 
-0.8 1.28 0.0915439 
-0.88 1.28 0.0857154 
-0.96 1.28 0.0805732 
-1.04 1.28 0.0761489 
-1.12 1.28 0.0724645 
-1.2 1.28 0.0695341 
-1.28 1.28 0.0673676 
-1.36 1.28 0.0659489 
-1.44 1.28 0.065261 
-1.52 1.28 0.0652656 
-1.6 1.28 0.0659157 
-1.68 1.28 0.0671575 
-1.76 1.28 0.0689269 
-1.84 1.28 0.0711619 
-1.92 1.28 0.0737976 
-2 1.28 0.0767713 
-2.08 1.28 0.0800228 
-2.16 1.28 0.0834952 
-2.24 1.28 0.0871426 
-2.32 1.28 0.0909189 
-2.4 1.28 0.0947866 
-2.48 1.28 0.0987109 
-2.56 1.28 0.102665 
-2.64 1.28 0.106627 
-2.72 1.28 0.110575 
-2.8 1.28 0.114493 
-2.88 1.28 0.118369 
-2.96 1.28 0.122193 
-3.04 1.28 0.125956 
-3.12 1.28 0.129652 
-3.2 1.28 0.133278 
-3.28 1.28 0.136828 
-3.36 1.28 0.140303 
-3.44 1.28 0.143698 
-3.52 1.28 0.147015 
-3.6 1.28 0.150253 
-3.68 1.28 0.153412 
-3.76 1.28 0.156494 
-3.84 1.28 0.159499 
-3.92 1.28 0.162429 
-4 1.28 0.165285 
0 1.32 0.198338 
-0.08 1.32 0.183931 
-0.16 1.32 0.170497 
-0.24 1.32 0.158121 
-0.32 1.32 0.146828 
-0.4 1.32 0.136592 
-0.48 1.32 0.127277 
-0.56 1.32 0.118811 
-0.64 1.32 0.111059 
-0.72 1.32 0.103973 
-0.8 1.32 0.0975519 
-0.88 1.32 0.0917901 
-0.96 1.32 0.0866995 
-1.04 1.32 0.0823053 
-1.12 1.32 0.0786245 
-1.2 1.32 0.0756723 
-1.28 1.32 0.0734446 
-1.36 1.32 0.0719318 
-1.44 1.32 0.0711161 
-1.52 1.32 0.070963 
-1.6 1.32 0.071429 
-1.68 1.32 0.0724624 
-1.76 1.32 0.0740096 
-1.84 1.32 0.0760091 
-1.92 1.32 0.0784028 
-2 1.32 0.08113 
-2.08 1.32 0.0841385 
-2.16 1.32 0.0873743 
-2.24 1.32 0.0907924 
-2.32 1.32 0.0943467 
-2.4 1.32 0.0980037 
-2.48 1.32 0.101728 
-2.56 1.32 0.105495 
-2.64 1.32 0.109279 
-2.72 1.32 0.113062 
-2.8 1.32 0.116825 
-2.88 1.32 0.120557 
-2.96 1.32 0.124248 
-3.04 1.32 0.127886 
-3.12 1.32 0.131467 
-3.2 1.32 0.134985 
-3.28 1.32 0.138436 
-3.36 1.32 0.141817 
-3.44 1.32 0.145127 
-3.52 1.32 0.148364 
-3.6 1.32 0.151527 
-3.68 1.32 0.154617 
-3.76 1.32 0.157635 
-3.84 1.32 0.16058 
-3.92 1.32 0.163453 
-4 1.32 0.166257 
0 1.36 0.202172 
-0.08 1.36 0.188224 
-0.16 1.36 0.175232 
-0.24 1.36 0.163209 
-0.32 1.36 0.152172 
-0.4 1.36 0.142078 
-0.48 1.36 0.132875 
-0.56 1.36 0.12447 
-0.64 1.36 0.116776 
-0.72 1.36 0.109762 
-0.8 1.36 0.103401 
-0.88 1.36 0.0976948 
-0.96 1.36 0.092651 
-1.04 1.36 0.0882823 
-1.12 1.36 0.0846049 
-1.2 1.36 0.0816238 
-1.28 1.36 0.0793397 
-1.36 1.36 0.0777418 
-1.44 1.36 0.0768063 
-1.52 1.36 0.0765057 
-1.6 1.36 0.0768005 
-1.68 1.36 0.077641 
-1.76 1.36 0.0789769 
-1.84 1.36 0.0807555 
-1.92 1.36 0.0829222 
-2 1.36 0.0854206 
-2.08 1.36 0.0881996 
-2.16 1.36 0.0912092 
-2.24 1.36 0.0944066 
-2.32 1.36 0.0977497 
-2.4 1.36 0.101203 
-2.48 1.36 0.104735 
-2.56 1.36 0.10832 
-2.64 1.36 0.111932 
-2.72 1.36 0.115553 
-2.8 1.36 0.119166 
-2.88 1.36 0.122757 
-2.96 1.36 0.126315 
-3.04 1.36 0.129832 
-3.12 1.36 0.133298 
-3.2 1.36 0.136709 
-3.28 1.36 0.140061 
-3.36 1.36 0.14335 
-3.44 1.36 0.146575 
-3.52 1.36 0.149731 
-3.6 1.36 0.152819 
-3.68 1.36 0.155841 
-3.76 1.36 0.158793 
-3.84 1.36 0.161678 
-3.92 1.36 0.164495 
-4 1.36 0.167246 
0 1.4 0.205727 
-0.08 1.4 0.192283 
-0.16 1.4 0.179734 
-0.24 1.4 0.168057 
-0.32 1.4 0.157272 
-0.4 1.4 0.147351 
-0.48 1.4 0.138262 
-0.56 1.4 0.12994 
-0.64 1.4 0.122333 
-0.72 1.4 0.115386 
-0.8 1.4 0.109086 
-0.88 1.4 0.103434 
-0.96 1.4 0.098431 
-1.04 1.4 0.09409 
-1.12 1.4 0.0904101 
-1.2 1.4 0.0874035 
-1.28 1.4 0.0850663 
-1.36 1.4 0.0833846 
-1.44 1.4 0.0823378 
-1.52 1.4 0.0818998 
-1.6 1.4 0.0820341 
-1.68 1.4 0.0826948 
-1.76 1.4 0.0838351 
-1.84 1.4 0.0854073 
-1.92 1.4 0.0873593 
-2 1.4 0.0896408 
-2.08 1.4 0.092202 
-2.16 1.4 0.0949966 
-2.24 1.4 0.0979847 
-2.32 1.4 0.101125 
-2.4 1.4 0.104384 
-2.48 1.4 0.107729 
-2.56 1.4 0.111137 
-2.64 1.4 0.114582 
-2.72 1.4 0.118046 
-2.8 1.4 0.121512 
-2.88 1.4 0.124965 
-2.96 1.4 0.128393 
-3.04 1.4 0.131789 
-3.12 1.4 0.135142 
-3.2 1.4 0.138448 
-3.28 1.4 0.141702 
-3.36 1.4 0.1449 
-3.44 1.4 0.148038 
-3.52 1.4 0.151115 
-3.6 1.4 0.154129 
-3.68 1.4 0.157081 
-3.76 1.4 0.159968 
-3.84 1.4 0.162793 
-3.92 1.4 0.165553 
-4 1.4 0.168251 
0 1.44 0.20903 
-0.08 1.44 0.196143 
-0.16 1.44 0.184012 
-0.24 1.44 0.17267 
-0.32 1.44 0.162139 
-0.4 1.44 0.152418 
-0.48 1.44 0.14347 
-0.56 1.44 0.135252 
-0.64 1.44 0.127719 
-0.72 1.44 0.120842 
-0.8 1.44 0.114615 
-0.88 1.44 0.109014 
-0.96 1.44 0.104049 
-1.04 1.44 0.0997258 
-1.12 1.44 0.0960485 
-1.2 1.44 0.0930174 
-1.28 1.44 0.0906273 
-1.36 1.44 0.0888671 
-1.44 1.44 0.0877174 
-1.52 1.44 0.0871511 
-1.6 1.44 0.0871354 
-1.68 1.44 0.0876273 
-1.76 1.44 0.0885855 
-1.84 1.44 0.0899634 
-1.92 1.44 0.0917147 
-2 1.44 0.0937905 
-2.08 1.44 0.0961459 
-2.16 1.44 0.0987383 
-2.24 1.44 0.101525 
-2.32 1.44 0.104471 
-2.4 1.44 0.107542 
-2.48 1.44 0.110709 
-2.56 1.44 0.113946 
-2.64 1.44 0.11723 
-2.72 1.44 0.12054 
-2.8 1.44 0.123861 
-2.88 1.44 0.127179 
-2.96 1.44 0.130481 
-3.04 1.44 0.133757 
-3.12 1.44 0.136999 
-3.2 1.44 0.140201 
-3.28 1.44 0.143357 
-3.36 1.44 0.146464 
-3.44 1.44 0.149517 
-3.52 1.44 0.152515 
-3.6 1.44 0.155455 
-3.68 1.44 0.158337 
-3.76 1.44 0.16116 
-3.84 1.44 0.163923 
-3.92 1.44 0.166627 
-4 1.44 0.169272 
0 1.48 0.212145 
-0.08 1.48 0.1998 
-0.16 1.48 0.188099 
-0.24 1.48 0.177085 
-0.32 1.48 0.166816 
-0.4 1.48 0.157293 
-0.48 1.48 0.148482 
-0.56 1.48 0.140373 
-0.64 1.48 0.132945 
-0.72 1.48 0.126148 
-0.8 1.48 0.119981 
-0.88 1.48 0.114434 
-0.96 1.48 0.109506 
-1.04 1.48 0.105204 
-1.12 1.48 0.101525 
-1.2 1.48 0.0984681 
-1.28 1.48 0.0960308 
-1.36 1.48 0.0941974 
-1.44 1.48 0.0929506 
-1.52 1.48 0.0922651 
-1.6 1.48 0.0921091 
-1.68 1.48 0.0924433 
-1.76 1.48 0.0932309 
-1.84 1.48 0.094427 
-1.92 1.48 0.0959876 
-2 1.48 0.0978699 
-2.08 1.48 0.10003 
-2.16 1.48 0.102428 
-2.24 1.48 0.105025 
-2.32 1.48 0.107785 
-2.4 1.48 0.110676 
-2.48 1.48 0.11367 
-2.56 1.48 0.116743 
-2.64 1.48 0.119869 
-2.72 1.48 0.123031 
-2.8 1.48 0.126212 
-2.88 1.48 0.129396 
-2.96 1.48 0.132574 
-3.04 1.48 0.135733 
-3.12 1.48 0.138866 
-3.2 1.48 0.141964 
-3.28 1.48 0.145025 
-3.36 1.48 0.148041 
-3.44 1.48 0.15101 
-3.52 1.48 0.153929 
-3.6 1.48 0.156795 
-3.68 1.48 0.159608 
-3.76 1.48 0.162366 
-3.84 1.48 0.165068 
-3.92 1.48 0.167716 
-4 1.48 0.170307 
0 1.52 0.215126 
-0.08 1.52 0.203302 
-0.16 1.52 0.192007 
-0.24 1.52 0.181328 
-0.32 1.52 0.17131 
-0.4 1.52 0.161975 
-0.48 1.52 0.153331 
-0.56 1.52 0.145343 
-0.64 1.52 0.138005 
-0.72 1.52 0.131289 
-0.8 1.52 0.125191 
-0.88 1.52 0.119697 
-0.96 1.52 0.114808 
-1.04 1.52 0.110523 
-1.12 1.52 0.106843 
-1.2 1.52 0.103766 
-1.28 1.52 0.101284 
-1.36 1.52 0.0993831 
-1.44 1.52 0.0980438 
-1.52 1.52 0.0972469 
-1.6 1.52 0.0969597 
-1.68 1.52 0.0971468 
-1.76 1.52 0.0977739 
-1.84 1.52 0.0987986 
-1.92 1.52 0.100182 
-2 1.52 0.101882 
-2.08 1.52 0.103856 
-2.16 1.52 0.10607 
-2.24 1.52 0.108484 
-2.32 1.52 0.111066 
-2.4 1.52 0.113786 
-2.48 1.52 0.116613 
-2.56 1.52 0.119526 
-2.64 1.52 0.1225 
-2.72 1.52 0.125517 
-2.8 1.52 0.128561 
-2.88 1.52 0.131616 
-2.96 1.52 0.134672 
-3.04 1.52 0.137715 
-3.12 1.52 0.14074 
-3.2 1.52 0.143738 
-3.28 1.52 0.146704 
-3.36 1.52 0.14963 
-3.44 1.52 0.152516 
-3.52 1.52 0.155356 
-3.6 1.52 0.158149 
-3.68 1.52 0.160893 
-3.76 1.52 0.163586 
-3.84 1.52 0.166228 
-3.92 1.52 0.168818 
-4 1.52 0.171356 
0 1.56 0.218042 
-0.08 1.56 0.206676 
-0.16 1.56 0.195755 
-0.24 1.56 0.185384 
-0.32 1.56 0.175624 
-0.4 1.56 0.166497 
-0.48 1.56 0.15801 
-0.56 1.56 0.150149 
-0.64 1.56 0.14291 
-0.72 1.56 0.13628 
-0.8 1.56 0.130251 
-0.88 1.56 0.12481 
-0.96 1.56 0.119958 
-1.04 1.56 0.115693 
-1.12 1.56 0.112013 
-1.2 1.56 0.108915 
-1.28 1.56 0.10639 
-1.36 1.56 0.104424 
-1.44 1.56 0.103002 
-1.52 1.56 0.102101 
-1.6 1.56 0.101691 
-1.68 1.56 0.101741 
-1.76 1.56 0.102217 
-1.84 1.56 0.10308 
-1.92 1.56 0.104296 
-2 1.56 0.105823 
-2.08 1.56 0.107623 
-2.16 1.56 0.109661 
-2.24 1.56 0.111902 
-2.32 1.56 0.114314 
-2.4 1.56 0.116867 
-2.48 1.56 0.119536 
-2.56 1.56 0.122293 
-2.64 1.56 0.12512 
-2.72 1.56 0.127997 
-2.8 1.56 0.130907 
-2.88 1.56 0.133836 
-2.96 1.56 0.136772 
-3.04 1.56 0.139703 
-3.12 1.56 0.142622 
-3.2 1.56 0.145521 
-3.28 1.56 0.148391 
-3.36 1.56 0.15123 
-3.44 1.56 0.154032 
-3.52 1.56 0.156795 
-3.6 1.56 0.159515 
-3.68 1.56 0.16219 
-3.76 1.56 0.164819 
-3.84 1.56 0.1674 
-3.92 1.56 0.169934 
-4 1.56 0.172419 
0 1.6 0.220878 
-0.08 1.6 0.209931 
-0.16 1.6 0.199376 
-0.24 1.6 0.189301 
-0.32 1.6 0.179786 
-0.4 1.6 0.170855 
-0.48 1.6 0.162525 
-0.56 1.6 0.1548 
-0.64 1.6 0.147669 
-0.72 1.6 0.141124 
-0.8 1.6 0.135162 
-0.88 1.6 0.129777 
-0.96 1.6 0.124963 
-1.04 1.6 0.120716 
-1.12 1.6 0.117038 
-1.2 1.6 0.113919 
-1.28 1.6 0.111355 
-1.36 1.6 0.109332 
-1.44 1.6 0.107831 
-1.52 1.6 0.106832 
-1.6 1.6 0.106308 
-1.68 1.6 0.106228 
-1.76 1.6 0.106563 
-1.84 1.6 0.107276 
-1.92 1.6 0.108333 
-2 1.6 0.109695 
-2.08 1.6 0.11133 
-2.16 1.6 0.113202 
-2.24 1.6 0.115277 
-2.32 1.6 0.117527 
-2.4 1.6 0.119921 
-2.48 1.6 0.122434 
-2.56 1.6 0.125044 
-2.64 1.6 0.127728 
-2.72 1.6 0.130469 
-2.8 1.6 0.133249 
-2.88 1.6 0.136055 
-2.96 1.6 0.138874 
-3.04 1.6 0.141695 
-3.12 1.6 0.144509 
-3.2 1.6 0.147309 
-3.28 1.6 0.150087 
-3.36 1.6 0.152839 
-3.44 1.6 0.15556 
-3.52 1.6 0.158245 
-3.6 1.6 0.160892 
-3.68 1.6 0.1635 
-3.76 1.6 0.166064 
-3.84 1.6 0.168585 
-3.92 1.6 0.171062 
-4 1.6 0.173493 
0 1.64 0.223632 
-0.08 1.64 0.213084 
-0.16 1.64 0.202866 
-0.24 1.64 0.193085 
-0.32 1.64 0.183795 
-0.4 1.64 0.175067 
-0.48 1.64 0.166894 
-0.56 1.64 0.159302 
-0.64 1.64 0.152277 
-0.72 1.64 0.145824 
-0.8 1.64 0.139933 
-0.88 1.64 0.1346 
-0.96 1.64 0.129824 
-1.04 1.64 0.125599 
-1.12 1.64 0.121921 
-1.2 1.64 0.118788 
-1.28 1.64 0.116188 
-1.36 1.64 0.114109 
-1.44 1.64 0.112534 
-1.52 1.64 0.111443 
-1.6 1.64 0.110813 
-1.68 1.64 0.110613 
-1.76 1.64 0.110815 
-1.84 1.64 0.111386 
-1.92 1.64 0.112293 
-2 1.64 0.113501 
-2.08 1.64 0.114978 
-2.16 1.64 0.116691 
-2.24 1.64 0.118608 
-2.32 1.64 0.120703 
-2.4 1.64 0.122944 
-2.48 1.64 0.12531 
-2.56 1.64 0.127776 
-2.64 1.64 0.130322 
-2.72 1.64 0.132931 
-2.8 1.64 0.135585 
-2.88 1.64 0.13827 
-2.96 1.64 0.140975 
-3.04 1.64 0.143688 
-3.12 1.64 0.1464 
-3.2 1.64 0.149103 
-3.28 1.64 0.15179 
-3.36 1.64 0.154456 
-3.44 1.64 0.157095 
-3.52 1.64 0.159704 
-3.6 1.64 0.16228 
-3.68 1.64 0.164819 
-3.76 1.64 0.16732 
-3.84 1.64 0.169781 
-3.92 1.64 0.172201 
-4 1.64 0.174579 
0 1.68 0.226329 
-0.08 1.68 0.216162 
-0.16 1.68 0.206253 
-0.24 1.68 0.196734 
-0.32 1.68 0.187677 
-0.4 1.68 0.179126 
-0.48 1.68 0.171121 
-0.56 1.68 0.163657 
-0.64 1.68 0.156747 
-0.72 1.68 0.15038 
-0.8 1.68 0.144563 
-0.88 1.68 0.139284 
-0.96 1.68 0.134546 
-1.04 1.68 0.130342 
-1.12 1.68 0.12667 
-1.2 1.68 0.123521 
-1.28 1.68 0.120888 
-1.36 1.68 0.118758 
-1.44 1.68 0.117115 
-1.52 1.68 0.11594 
-1.6 1.68 0.115209 
-1.68 1.68 0.114896 
-1.76 1.68 0.114974 
-1.84 1.68 0.115411 
-1.92 1.68 0.116177 
-2 1.68 0.11724 
-2.08 1.68 0.118567 
-2.16 1.68 0.12013 
-2.24 1.68 0.121897 
-2.32 1.68 0.123841 
-2.4 1.68 0.125937 
-2.48 1.68 0.12816 
-2.56 1.68 0.130488 
-2.64 1.68 0.132901 
-2.72 1.68 0.135381 
-2.8 1.68 0.137912 
-2.88 1.68 0.140481 
-2.96 1.68 0.143074 
-3.04 1.68 0.145681 
-3.12 1.68 0.148292 
-3.2 1.68 0.150901 
-3.28 1.68 0.153498 
-3.36 1.68 0.156079 
-3.44 1.68 0.158638 
-3.52 1.68 0.161172 
-3.6 1.68 0.163676 
-3.68 1.68 0.166148 
-3.76 1.68 0.168586 
-3.84 1.68 0.170987 
-3.92 1.68 0.17335 
-4 1.68 0.175675 
0 1.72 0.22902 
-0.08 1.72 0.219169 
-0.16 1.72 0.209541 
-0.24 1.72 0.200264 
-0.32 1.72 0.191418 
-0.4 1.72 0.18306 
-0.48 1.72 0.175208 
-0.56 1.72 0.167877 
-0.64 1.72 0.161075 
-0.72 1.72 0.154802 
-0.8 1.72 0.149056 
-0.88 1.72 0.143834 
-0.96 1.72 0.139136 
-1.04 1.72 0.134953 
-1.12 1.72 0.131286 
-1.2 1.72 0.128125 
-1.28 1.72 0.125463 
-1.36 1.72 0.123286 
-1.44 1.72 0.121579 
-1.52 1.72 0.120325 
-1.6 1.72 0.119501 
-1.68 1.72 0.119083 
-1.76 1.72 0.119043 
-1.84 1.72 0.119354 
-1.92 1.72 0.119987 
-2 1.72 0.120912 
-2.08 1.72 0.122098 
-2.16 1.72 0.123517 
-2.24 1.72 0.12514 
-2.32 1.72 0.126943 
-2.4 1.72 0.128898 
-2.48 1.72 0.130984 
-2.56 1.72 0.133178 
-2.64 1.72 0.135462 
-2.72 1.72 0.137819 
-2.8 1.72 0.140231 
-2.88 1.72 0.142685 
-2.96 1.72 0.14517 
-3.04 1.72 0.147673 
-3.12 1.72 0.150187 
-3.2 1.72 0.152701 
-3.28 1.72 0.15521 
-3.36 1.72 0.157708 
-3.44 1.72 0.160188 
-3.52 1.72 0.162647 
-3.6 1.72 0.16508 
-3.68 1.72 0.167486 
-3.76 1.72 0.16986 
-3.84 1.72 0.172202 
-3.92 1.72 0.17451 
-4 1.72 0.176781 
0 1.76 0.231708 
-0.08 1.76 0.222109 
-0.16 1.76 0.212735 
-0.24 1.76 0.203691 
-0.32 1.76 0.195051 
-0.4 1.76 0.186865 
-0.48 1.76 0.179163 
-0.56 1.76 0.171964 
-0.64 1.76 0.165272 
-0.72 1.76 0.159091 
-0.8 1.76 0.153416 
-0.88 1.76 0.148257 
-0.96 1.76 0.143596 
-1.04 1.76 0.139437 
-1.12 1.76 0.135776 
-1.2 1.76 0.132605 
-1.28 1.76 0.129917 
-1.36 1.76 0.127696 
-1.44 1.76 0.125932 
-1.52 1.76 0.124603 
-1.6 1.76 0.123691 
-1.68 1.76 0.123174 
-1.76 1.76 0.123025 
-1.84 1.76 0.123218 
-1.92 1.76 0.123724 
-2 1.76 0.124518 
-2.08 1.76 0.12557 
-2.16 1.76 0.126853 
-2.24 1.76 0.12834 
-2.32 1.76 0.130005 
-2.4 1.76 0.131827 
-2.48 1.76 0.133781 
-2.56 1.76 0.135847 
-2.64 1.76 0.138006 
-2.72 1.76 0.140242 
-2.8 1.76 0.142538 
-2.88 1.76 0.144882 
-2.96 1.76 0.14726 
-3.04 1.76 0.149663 
-3.12 1.76 0.152081 
-3.2 1.76 0.154504 
-3.28 1.76 0.156926 
-3.36 1.76 0.159341 
-3.44 1.76 0.161743 
-3.52 1.76 0.164128 
-3.6 1.76 0.166492 
-3.68 1.76 0.168831 
-3.76 1.76 0.171143 
-3.84 1.76 0.173427 
-3.92 1.76 0.175678 
-4 1.76 0.177897 
0 1.8 0.234372 
-0.08 1.8 0.225009 
-0.16 1.8 0.215855 
-0.24 1.8 0.207012 
-0.32 1.8 0.19856 
-0.4 1.8 0.190547 
-0.48 1.8 0.182994 
-0.56 1.8 0.175923 
-0.64 1.8 0.169342 
-0.72 1.8 0.163254 
-0.8 1.8 0.157654 
-0.88 1.8 0.152548 
-0.96 1.8 0.14793 
-1.04 1.8 0.143796 
-1.12 1.8 0.140144 
-1.2 1.8 0.136966 
-1.28 1.8 0.134253 
-1.36 1.8 0.131994 
-1.44 1.8 0.130174 
-1.52 1.8 0.128777 
-1.6 1.8 0.127784 
-1.68 1.8 0.127173 
-1.76 1.8 0.126921 
-1.84 1.8 0.127002 
-1.92 1.8 0.12739 
-2 1.8 0.12806 
-2.08 1.8 0.128984 
-2.16 1.8 0.130138 
-2.24 1.8 0.131494 
-2.32 1.8 0.13303 
-2.4 1.8 0.134722 
-2.48 1.8 0.13655 
-2.56 1.8 0.138492 
-2.64 1.8 0.140531 
-2.72 1.8 0.14265 
-2.8 1.8 0.144835 
-2.88 1.8 0.14707 
-2.96 1.8 0.149345 
-3.04 1.8 0.15165 
-3.12 1.8 0.153972 
-3.2 1.8 0.156306 
-3.28 1.8 0.158643 
-3.36 1.8 0.160977 
-3.44 1.8 0.163302 
-3.52 1.8 0.165615 
-3.6 1.8 0.167909 
-3.68 1.8 0.170183 
-3.76 1.8 0.172434 
-3.84 1.8 0.174658 
-3.92 1.8 0.176854 
-4 1.8 0.179021 
0 1.84 0.237009 
-0.08 1.84 0.227852 
-0.16 1.84 0.218888 
-0.24 1.84 0.210236 
-0.32 1.84 0.20196 
-0.4 1.84 0.194111 
-0.48 1.84 0.186705 
-0.56 1.84 0.179763 
-0.64 1.84 0.17329 
-0.72 1.84 0.167293 
-0.8 1.84 0.161767 
-0.88 1.84 0.156719 
-0.96 1.84 0.152142 
-1.04 1.84 0.148035 
-1.12 1.84 0.144393 
-1.2 1.84 0.141209 
-1.28 1.84 0.138476 
-1.36 1.84 0.13618 
-1.44 1.84 0.134311 
-1.52 1.84 0.13285 
-1.6 1.84 0.131782 
-1.68 1.84 0.131083 
-1.76 1.84 0.130734 
-1.84 1.84 0.130709 
-1.92 1.84 0.130986 
-2 1.84 0.131539 
-2.08 1.84 0.132342 
-2.16 1.84 0.133371 
-2.24 1.84 0.134604 
-2.32 1.84 0.136015 
-2.4 1.84 0.137584 
-2.48 1.84 0.13929 
-2.56 1.84 0.141113 
-2.64 1.84 0.143035 
-2.72 1.84 0.145042 
-2.8 1.84 0.147118 
-2.88 1.84 0.149249 
-2.96 1.84 0.151423 
-3.04 1.84 0.153631 
-3.12 1.84 0.155862 
-3.2 1.84 0.158108 
-3.28 1.84 0.160361 
-3.36 1.84 0.162615 
-3.44 1.84 0.164865 
-3.52 1.84 0.167105 
-3.6 1.84 0.169332 
-3.68 1.84 0.171541 
-3.76 1.84 0.173731 
-3.84 1.84 0.175897 
-3.92 1.84 0.178039 
-4 1.84 0.180153 
0 1.88 0.239638 
-0.08 1.88 0.230648 
-0.16 1.88 0.221853 
-0.24 1.88 0.213365 
-0.32 1.88 0.20526 
-0.4 1.88 0.197562 
-0.48 1.88 0.190299 
-0.56 1.88 0.183483 
-0.64 1.88 0.17712 
-0.72 1.88 0.17121 
-0.8 1.88 0.165764 
-0.88 1.88 0.160773 
-0.96 1.88 0.156238 
-1.04 1.88 0.152158 
-1.12 1.88 0.148528 
-1.2 1.88 0.14534 
-1.28 1.88 0.142589 
-1.36 1.88 0.14026 
-1.44 1.88 0.138345 
-1.52 1.88 0.136825 
-1.6 1.88 0.135686 
-1.68 1.88 0.134906 
-1.76 1.88 0.134465 
-1.84 1.88 0.134341 
-1.92 1.88 0.134513 
-2 1.88 0.134954 
-2.08 1.88 0.135643 
-2.16 1.88 0.136555 
-2.24 1.88 0.137669 
-2.32 1.88 0.138961 
-2.4 1.88 0.140412 
-2.48 1.88 0.142 
-2.56 1.88 0.143709 
-2.64 1.88 0.14552 
-2.72 1.88 0.147417 
-2.8 1.88 0.149387 
-2.88 1.88 0.151417 
-2.96 1.88 0.153493 
-3.04 1.88 0.155607 
-3.12 1.88 0.157748 
-3.2 1.88 0.159908 
-3.28 1.88 0.162079 
-3.36 1.88 0.164255 
-3.44 1.88 0.16643 
-3.52 1.88 0.168599 
-3.6 1.88 0.170759 
-3.68 1.88 0.172905 
-3.76 1.88 0.175033 
-3.84 1.88 0.177142 
-3.92 1.88 0.179229 
-4 1.88 0.181292 
0 1.92 0.242266 
-0.08 1.92 0.233389 
-0.16 1.92 0.224732 
-0.24 1.92 0.216403 
-0.32 1.92 0.208453 
-0.4 1.92 0.200908 
-0.48 1.92 0.193784 
-0.56 1.92 0.187093 
-0.64 1.92 0.180835 
-0.72 1.92 0.175017 
-0.8 1.92 0.169643 
-0.88 1.92 0.16471 
-0.96 1.92 0.16022 
-1.04 1.92 0.156168 
-1.12 1.92 0.152551 
-1.2 1.92 0.149364 
-1.28 1.92 0.146596 
-1.36 1.92 0.144238 
-1.44 1.92 0.14228 
-1.52 1.92 0.140706 
-1.6 1.92 0.1395 
-1.68 1.92 0.138644 
-1.76 1.92 0.138117 
-1.84 1.92 0.1379 
-1.92 1.92 0.137971 
-2 1.92 0.138308 
-2.08 1.92 0.138888 
-2.16 1.92 0.139689 
-2.24 1.92 0.140689 
-2.32 1.92 0.141868 
-2.4 1.92 0.143205 
-2.48 1.92 0.144681 
-2.56 1.92 0.14628 
-2.64 1.92 0.147981 
-2.72 1.92 0.149774 
-2.8 1.92 0.151642 
-2.88 1.92 0.153572 
-2.96 1.92 0.155554 
-3.04 1.92 0.157576 
-3.12 1.92 0.159629 
-3.2 1.92 0.161704 
-3.28 1.92 0.163795 
-3.36 1.92 0.165894 
-3.44 1.92 0.167996 
-3.52 1.92 0.170097 
-3.6 1.92 0.17219 
-3.68 1.92 0.174272 
-3.76 1.92 0.176341 
-3.84 1.92 0.178393 
-3.92 1.92 0.180426 
-4 1.92 0.182438 
0 1.96 0.244885 
-0.08 1.96 0.236076 
-0.16 1.96 0.227528 
-0.24 1.96 0.219342 
-0.32 1.96 0.211545 
-0.4 1.96 0.204146 
-0.48 1.96 0.19716 
-0.56 1.96 0.19059 
-0.64 1.96 0.184439 
-0.72 1.96 0.178712 
-0.8 1.96 0.173413 
-0.88 1.96 0.168541 
-0.96 1.96 0.164092 
-1.04 1.96 0.16007 
-1.12 1.96 0.156468 
-1.2 1.96 0.153281 
-1.28 1.96 0.1505 
-1.36 1.96 0.148117 
-1.44 1.96 0.146119 
-1.52 1.96 0.144494 
-1.6 1.96 0.143226 
-1.68 1.96 0.142299 
-1.76 1.96 0.141692 
-1.84 1.96 0.141387 
-1.92 1.96 0.141364 
-2 1.96 0.141601 
-2.08 1.96 0.142077 
-2.16 1.96 0.142773 
-2.24 1.96 0.143665 
-2.32 1.96 0.144734 
-2.4 1.96 0.145963 
-2.48 1.96 0.147332 
-2.56 1.96 0.148823 
-2.64 1.96 0.150422 
-2.72 1.96 0.152112 
-2.8 1.96 0.153882 
-2.88 1.96 0.155716 
-2.96 1.96 0.157604 
-3.04 1.96 0.159536 
-3.12 1.96 0.161504 
-3.2 1.96 0.163497 
-3.28 1.96 0.165509 
-3.36 1.96 0.167533 
-3.44 1.96 0.169564 
-3.52 1.96 0.171595 
-3.6 1.96 0.173623 
-3.68 1.96 0.175644 
-3.76 1.96 0.177653 
-3.84 1.96 0.179649 
-3.92 1.96 0.181628 
-4 1.96 0.183588 
0 2 0.2475 
-0.08 2 0.238697 
-0.16 2 0.230235 
-0.24 2 0.222185 
-0.32 2 0.214536 
-0.4 2 0.207288 
-0.48 2 0.200437 
-0.56 2 0.193985 
-0.64 2 0.187938 
-0.72 2 0.182304 
-0.8 2 0.177077 
-0.88 2 0.172261 
-0.96 2 0.167859 
-1.04 2 0.163867 
-1.12 2 0.160281 
-1.2 2 0.157096 
-1.28 2 0.154304 
-1.36 2 0.151898 
-1.44 2 0.149865 
-1.52 2 0.148193 
-1.6 2 0.146868 
-1.68 2 0.145873 
-1.76 2 0.145191 
-1.84 2 0.144804 
-1.92 2 0.144691 
-2 2 0.144834 
-2.08 2 0.145212 
-2.16 2 0.145807 
-2.24 2 0.146596 
-2.32 2 0.147562 
-2.4 2 0.148687 
-2.48 2 0.149951 
-2.56 2 0.151341 
-2.64 2 0.152839 
-2.72 2 0.154431 
-2.8 2 0.156103 
-2.88 2 0.157845 
-2.96 2 0.159644 
-3.04 2 0.161489 
-3.12 2 0.163373 
-3.2 2 0.165286 
-3.28 2 0.167221 
-3.36 2 0.169171 
-3.44 2 0.17113 
-3.52 2 0.173095 
-3.6 2 0.175058 
-3.68 2 0.177017 
-3.76 2 0.178968 
-3.84 2 0.180908 
-3.92 2 0.182835 
-4 2 0.184745 
