90 -0.14323208 0.039048992 0.050000001 -0.16547692 0.043482453 0.333 
89.949997 -0.14291841 0.039170194 0.050000001 -0.1660241 0.043641988 0.333 
89.900002 -0.14261602 0.039290894 0.050000001 -0.16655301 0.043800227 0.333 
89.849998 -0.14232431 0.039411187 0.050000001 -0.16706447 0.043957323 0.333 
89.800003 -0.14204277 0.039531164 0.050000001 -0.1675593 0.044113398 0.333 
89.75 -0.14177087 0.039650921 0.050000001 -0.16803828 0.044268597 0.333 
89.699997 -0.14150812 0.039770536 0.050000001 -0.16850217 0.044423044 0.333 
89.650002 -0.14125404 0.039890096 0.050000001 -0.16895172 0.044576861 0.333 
89.599998 -0.14100815 0.040009685 0.050000001 -0.16938765 0.044730175 0.333 
89.550003 -0.14077005 0.040129382 0.050000001 -0.16981067 0.044883106 0.333 
89.5 -0.14053927 0.040249262 0.050000001 -0.17022142 0.045035765 0.333 
89.449997 -0.14031544 0.040369403 0.050000001 -0.17062058 0.045188263 0.333 
89.400002 -0.14009815 0.040489875 0.050000001 -0.17100877 0.045340709 0.333 
89.349998 -0.13988703 0.040610749 0.050000001 -0.1713866 0.045493215 0.333 
89.300003 -0.13968173 0.040732097 0.050000001 -0.17175466 0.045645874 0.333 
89.25 -0.13948189 0.040853981 0.050000001 -0.17211352 0.045798793 0.333 
89.199997 -0.13928719 0.040976468 0.050000001 -0.1724637 0.045952063 0.333 
89.150002 -0.1390973 0.041099623 0.050000001 -0.17280576 0.04610578 0.333 
89.099998 -0.13891195 0.041223507 0.050000001 -0.17314018 0.046260037 0.333 
89.050003 -0.13873082 0.041348182 0.050000001 -0.17346746 0.046414919 0.333 
89 -0.13855365 0.041473698 0.050000001 -0.17378806 0.046570513 0.333 
88.949997 -0.13838017 0.041600123 0.050000001 -0.17410243 0.046726909 0.333 
88.900002 -0.13821013 0.041727506 0.050000001 -0.17441098 0.046884183 0.333 
88.849998 -0.13804328 0.041855905 0.050000001 -0.17471418 0.047042415 0.333 
88.800003 -0.1378794 0.04198537 0.050000001 -0.17501238 0.047201682 0.333 
88.75 -0.13771825 0.042115957 0.050000001 -0.17530598 0.047362067 0.333 
88.699997 -0.13755962 0.042247709 0.050000001 -0.17559536 0.047523636 0.333 
88.650002 -0.13740334 0.042380683 0.050000001 -0.17588085 0.047686465 0.333 
88.599998 -0.13724917 0.042514928 0.050000001 -0.17616281 0.047850624 0.333 
88.550003 -0.13709696 0.042650487 0.050000001 -0.17644157 0.048016179 0.333 
88.5 -0.1369465 0.04278741 0.050000001 -0.17671742 0.048183203 0.333 
88.449997 -0.13679764 0.042925745 0.050000001 -0.17699066 0.048351761 0.333 
88.400002 -0.13665022 0.043065533 0.050000001 -0.17726161 0.048521917 0.333 
88.349998 -0.13650407 0.043206818 0.050000001 -0.17753053 0.048693731 0.333 
88.300003 -0.13635905 0.04334965 0.050000001 -0.17779768 0.048867274 0.333 
88.25 -0.13621502 0.043494064 0.050000001 -0.17806332 0.049042601 0.333 
88.199997 -0.13607183 0.043640111 0.050000001 -0.17832771 0.049219772 0.333 
88.150002 -0.13592936 0.043787826 0.050000001 -0.17859107 0.049398851 0.333 
88.099998 -0.13578747 0.043937251 0.050000001 -0.17885365 0.049579896 0.333 
88.050003 -0.13564608 0.044088434 0.050000001 -0.17911565 0.049762961 0.333 
88 -0.13550502 0.04424141 0.050000001 -0.17937729 0.049948107 0.333 
87.949997 -0.1353642 0.044396218 0.050000001 -0.17963877 0.050135389 0.333 
87.900002 -0.13522352 0.0445529 0.050000001 -0.17990029 0.050324861 0.333 
87.849998 -0.13508289 0.044711497 0.050000001 -0.18016203 0.050516579 0.333 
87.800003 -0.13494219 0.044872046 0.050000001 -0.1804242 0.0507106 0.333 
87.75 -0.13480133 0.045034587 0.050000001 -0.18068694 0.050906979 0.333 
87.699997 -0.13466021 0.045199156 0.050000001 -0.18095043 0.051105764 0.333 
87.650002 -0.13451877 0.045365795 0.050000001 -0.18121487 0.051307011 0.333 
87.599998 -0.13437691 0.045534536 0.050000001 -0.18148036 0.051510774 0.333 
87.550003 -0.13423455 0.045705426 0.050000001 -0.18174711 0.051717103 0.333 
87.5 -0.13409162 0.045878496 0.050000001 -0.18201523 0.05192605 0.333 
87.449997 -0.13394803 0.046053786 0.050000001 -0.18228488 0.052137673 0.333 
87.400002 -0.13380371 0.046231333 0.050000001 -0.1825562 0.052352019 0.333 
87.349998 -0.1336586 0.046411175 0.050000001 -0.18282932 0.05256914 0.333 
87.300003 -0.13351265 0.046593349 0.050000001 -0.18310438 0.052789088 0.333 
87.25 -0.13336575 0.046777893 0.050000001 -0.18338151 0.053011913 0.333 
87.199997 -0.13321787 0.046964847 0.050000001 -0.18366082 0.053237669 0.333 
87.150002 -0.13306893 0.04715424 0.050000001 -0.18394244 0.053466406 0.333 
87.099998 -0.13291889 0.047346115 0.050000001 -0.1842265 0.053698175 0.333 
87.050003 -0.13276769 0.047540512 0.050000001 -0.18451309 0.053933024 0.333 
87 -0.13261527 0.047737461 0.050000001 -0.18480234 0.054171011 0.333 
86.949997 -0.13246158 0.047937006 0.050000001 -0.18509436 0.054412186 0.333 
86.900002 -0.13230655 0.048139181 0.050000001 -0.18538927 0.054656595 0.333 
86.849998 -0.13215016 0.048344024 0.050000001 -0.18568714 0.054904293 0.333 
86.800003 -0.13199233 0.048551571 0.050000001 -0.1859881 0.055155329 0.333 
86.75 -0.13183303 0.048761863 0.050000001 -0.18629225 0.055409763 0.333 
86.699997 -0.13167222 0.048974939 0.050000001 -0.18659967 0.055667639 0.333 
86.650002 -0.13150983 0.04919083 0.050000001 -0.18691048 0.055929009 0.333 
86.599998 -0.13134584 0.049409579 0.050000001 -0.18722478 0.056193929 0.333 
86.550003 -0.1311802 0.049631227 0.050000001 -0.18754265 0.056462448 0.333 
86.5 -0.13101286 0.049855802 0.050000001 -0.18786417 0.056734622 0.333 
86.449997 -0.13084377 0.050083354 0.050000001 -0.18818948 0.057010505 0.333 
86.400002 -0.13067293 0.050313912 0.050000001 -0.18851861 0.057290144 0.333 
86.349998 -0.13050026 0.050547522 0.050000001 -0.1888517 0.057573598 0.333 
86.300003 -0.13032573 0.050784215 0.050000001 -0.18918881 0.057860922 0.333 
86.25 -0.13014932 0.051024035 0.050000001 -0.18953004 0.058152162 0.333 
86.199997 -0.12997098 0.051267024 0.050000001 -0.18987547 0.058447383 0.333 
86.150002 -0.12979066 0.051513214 0.050000001 -0.1902252 0.058746632 0.333 
86.099998 -0.12960835 0.051762648 0.050000001 -0.1905793 0.059049964 0.333 
86.050003 -0.12942401 0.052015368 0.050000001 -0.19093786 0.059357438 0.333 
86 -0.12923758 0.052271407 0.050000001 -0.19130096 0.059669111 0.333 
85.949997 -0.12904906 0.052530814 0.050000001 -0.1916687 0.059985034 0.333 
85.900002 -0.12885839 0.052793622 0.050000001 -0.19204114 0.060305268 0.333 
85.849998 -0.12866555 0.053059872 0.050000001 -0.19241838 0.060629863 0.333 
85.800003 -0.12847051 0.053329606 0.050000001 -0.19280051 0.060958885 0.333 
85.75 -0.12827323 0.053602867 0.050000001 -0.19318759 0.061292388 0.333 
85.699997 -0.12807368 0.053879689 0.050000001 -0.19357972 0.061630424 0.333 
85.650002 -0.12787184 0.054160122 0.050000001 -0.19397697 0.061973061 0.333 
85.599998 -0.12766765 0.054444198 0.050000001 -0.19437942 0.062320352 0.333 
85.550003 -0.12746112 0.054731965 0.050000001 -0.19478716 0.062672354 0.333 
85.5 -0.12725218 0.055023462 0.050000001 -0.19520028 0.063029133 0.333 
85.449997 -0.12704083 0.055318732 0.050000001 -0.19561884 0.063390747 0.333 
85.400002 -0.12682702 0.055617813 0.050000001 -0.19604294 0.063757256 0.333 
85.349998 -0.12661074 0.05592075 0.050000001 -0.19647264 0.064128712 0.333 
85.300003 -0.12639195 0.056227583 0.050000001 -0.19690806 0.06450519 0.333 
85.25 -0.12617061 0.056538362 0.050000001 -0.19734924 0.064886749 0.333 
85.199997 -0.12594672 0.056853119 0.050000001 -0.19779629 0.065273441 0.333 
85.150002 -0.12572022 0.0571719 0.050000001 -0.19824927 0.065665334 0.333 
85.099998 -0.12549111 0.057494752 0.050000001 -0.19870828 0.066062495 0.333 
85.050003 -0.12525935 0.057821713 0.050000001 -0.19917339 0.066464983 0.333 
85 -0.12502491 0.058152828 0.050000001 -0.19964468 0.066872858 0.333 
84.949997 -0.12478777 0.058488142 0.050000001 -0.20012227 0.067286193 0.333 
84.900002 -0.1245479 0.058827695 0.050000001 -0.20060618 0.067705043 0.333 
84.849998 -0.12430527 0.059171531 0.050000001 -0.20109655 0.06812948 0.333 
84.800003 -0.12405986 0.059519697 0.050000001 -0.20159341 0.068559565 0.333 
84.75 -0.12381164 0.059872232 0.050000001 -0.20209689 0.068995371 0.333 
84.699997 -0.12356059 0.060229182 0.050000001 -0.20260707 0.069436952 0.333 
84.650002 -0.12330667 0.060590591 0.050000001 -0.203124 0.069884382 0.333 
84.599998 -0.12304987 0.060956504 0.050000001 -0.20364778 0.070337728 0.333 
84.550003 -0.12279016 0.061326966 0.050000001 -0.20417851 0.070797056 0.333 
84.5 -0.12252752 0.061702013 0.050000001 -0.20471625 0.071262434 0.333 
84.449997 -0.12226191 0.062081698 0.050000001 -0.20526111 0.071733922 0.333 
84.400002 -0.12199332 0.062466063 0.050000001 -0.20581315 0.072211601 0.333 
84.349998 -0.12172172 0.062855154 0.050000001 -0.20637248 0.072695538 0.333 
84.300003 -0.12144709 0.063249007 0.050000001 -0.20693918 0.073185794 0.333 
84.25 -0.12116941 0.06364768 0.050000001 -0.2075133 0.073682442 0.333 
84.199997 -0.12088864 0.064051203 0.050000001 -0.20809498 0.074185558 0.333 
84.150002 -0.12060478 0.064459629 0.050000001 -0.20868428 0.0746952 0.333 
84.099998 -0.12031778 0.064873002 0.050000001 -0.20928128 0.07521145 0.333 
84.050003 -0.12002764 0.06529136 0.050000001 -0.20988609 0.075734369 0.333 
84 -0.11973432 0.065714762 0.050000001 -0.21049878 0.076264039 0.333 
83.949997 -0.11943782 0.06614323 0.050000001 -0.21111943 0.076800518 0.333 
83.900002 -0.1191381 0.066576831 0.050000001 -0.21174815 0.077343889 0.333 
83.849998 -0.11883514 0.067015596 0.050000001 -0.21238501 0.077894218 0.333 
83.800003 -0.11852893 0.067459568 0.050000001 -0.21303011 0.078451574 0.333 
83.75 -0.11821944 0.067908801 0.050000001 -0.21368355 0.079016037 0.333 
83.699997 -0.11790664 0.068363331 0.050000001 -0.21434538 0.079587676 0.333 
83.650002 -0.11759053 0.068823203 0.050000001 -0.21501571 0.080166571 0.333 
83.599998 -0.11727108 0.069288462 0.050000001 -0.21569465 0.080752775 0.333 
83.550003 -0.11694827 0.069759145 0.050000001 -0.21638225 0.081346385 0.333 
83.5 -0.11662208 0.070235312 0.050000001 -0.21707864 0.081947461 0.333 
83.449997 -0.11629248 0.070716992 0.050000001 -0.21778387 0.082556076 0.333 
83.400002 -0.11595947 0.07120423 0.050000001 -0.21849807 0.083172306 0.333 
83.349998 -0.11562303 0.071697071 0.050000001 -0.21922128 0.083796233 0.333 
83.300003 -0.11528312 0.072195552 0.050000001 -0.21995364 0.084427916 0.333 
83.25 -0.11493975 0.072699726 0.050000001 -0.22069521 0.085067444 0.333 
83.199997 -0.11459288 0.073209628 0.050000001 -0.22144608 0.085714877 0.333 
83.150002 -0.11424251 0.073725305 0.050000001 -0.22220637 0.086370297 0.333 
83.099998 -0.11388861 0.074246794 0.050000001 -0.22297613 0.087033778 0.333 
83.050003 -0.11353117 0.074774131 0.050000001 -0.22375548 0.087705396 0.333 
83 -0.11317017 0.075307369 0.050000001 -0.22454448 0.088385217 0.333 
82.949997 -0.1128056 0.075846538 0.050000001 -0.22534324 0.089073323 0.333 
82.900002 -0.11243743 0.076391682 0.050000001 -0.22615185 0.089769788 0.333 
82.849998 -0.11206567 0.076942846 0.050000001 -0.2269704 0.09047468 0.333 
82.800003 -0.11169029 0.07750006 0.050000001 -0.22779898 0.091188081 0.333 
82.75 -0.11131127 0.078063376 0.050000001 -0.22863767 0.091910057 0.333 
82.699997 -0.11092861 0.078632817 0.050000001 -0.22948655 0.092640691 0.333 
82.650002 -0.11054229 0.079208434 0.050000001 -0.23034574 0.093380041 0.333 
82.599998 -0.11015229 0.079790257 0.050000001 -0.23121531 0.094128199 0.333 
82.550003 -0.10975861 0.080378324 0.050000001 -0.23209535 0.094885223 0.333 
82.5 -0.10936123 0.080972672 0.050000001 -0.23298593 0.095651194 0.333 
82.449997 -0.10896014 0.081573337 0.050000001 -0.23388717 0.096426189 0.333 
82.400002 -0.10855533 0.082180358 0.050000001 -0.23479912 0.097210266 0.333 
82.349998 -0.10814679 0.082793765 0.050000001 -0.2357219 0.098003507 0.333 
82.300003 -0.1077345 0.083413593 0.050000001 -0.23665559 0.098805986 0.333 
82.25 -0.10731847 0.084039882 0.050000001 -0.23760025 0.099617764 0.333 
82.199997 -0.10689867 0.084672652 0.050000001 -0.23855601 0.10043892 0.333 
82.150002 -0.10647511 0.085311949 0.050000001 -0.2395229 0.10126953 0.333 
82.099998 -0.10604776 0.085957795 0.050000001 -0.24050106 0.10210965 0.333 
82.050003 -0.10561664 0.086610228 0.050000001 -0.24149053 0.10295936 0.333 
82 -0.10518171 0.087269269 0.050000001 -0.24249141 0.10381871 0.333 
81.949997 -0.10474299 0.087934956 0.050000001 -0.24350378 0.1046878 0.333 
81.900002 -0.10430045 0.088607319 0.050000001 -0.24452773 0.10556667 0.333 
81.849998 -0.10385411 0.089286372 0.050000001 -0.24556331 0.10645541 0.333 
81.800003 -0.10340395 0.089972153 0.050000001 -0.24661064 0.10735407 0.333 
81.75 -0.10294996 0.090664685 0.050000001 -0.24766977 0.10826271 0.333 
81.699997 -0.10249215 0.091363996 0.050000001 -0.24874078 0.10918141 0.333 
81.650002 -0.10203051 0.092070103 0.050000001 -0.24982376 0.11011023 0.333 
81.599998 -0.10156503 0.092783034 0.050000001 -0.25091878 0.11104923 0.333 
81.550003 -0.10109571 0.093502812 0.050000001 -0.2520259 0.11199847 0.333 
81.5 -0.10062256 0.094229452 0.050000001 -0.25314522 0.11295802 0.333 
81.449997 -0.10014556 0.094962984 0.050000001 -0.25427678 0.11392793 0.333 
81.400002 -0.099664725 0.095703416 0.050000001 -0.25542068 0.11490827 0.333 
81.349998 -0.099180043 0.096450768 0.050000001 -0.25657699 0.11589909 0.333 
81.300003 -0.098691516 0.097205065 0.050000001 -0.25774574 0.11690046 0.333 
81.25 -0.098199144 0.097966306 0.050000001 -0.25892705 0.11791242 0.333 
81.199997 -0.097702935 0.098734528 0.050000001 -0.26012096 0.11893503 0.333 
81.150002 -0.097202882 0.099509723 0.050000001 -0.26132751 0.11996835 0.333 
81.099998 -0.096698992 0.10029191 0.050000001 -0.26254678 0.12101242 0.333 
81.050003 -0.096191272 0.1010811 0.050000001 -0.26377884 0.1220673 0.333 
81 -0.095679715 0.10187731 0.050000001 -0.26502377 0.12313305 0.333 
80.949997 -0.095164329 0.10268053 0.050000001 -0.26628157 0.12420969 0.333 
80.900002 -0.09464512 0.10349078 0.050000001 -0.26755235 0.12529729 0.333 
80.849998 -0.094122097 0.10430806 0.050000001 -0.26883614 0.1263959 0.333 
80.800003 -0.093595251 0.10513238 0.050000001 -0.27013299 0.12750554 0.333 
80.75 -0.093064599 0.10596373 0.050000001 -0.27144295 0.12862627 0.333 
80.699997 -0.092530154 0.10680211 0.050000001 -0.27276608 0.12975812 0.333 
80.650002 -0.091991909 0.10764754 0.050000001 -0.27410242 0.13090114 0.333 
80.599998 -0.091449879 0.10849999 0.050000001 -0.27545202 0.13205537 0.333 
80.550003 -0.090904064 0.10935947 0.050000001 -0.27681488 0.13322082 0.333 
80.5 -0.090354487 0.11022598 0.050000001 -0.27819112 0.13439755 0.333 
80.449997 -0.089801155 0.1110995 0.050000001 -0.27958071 0.13558558 0.333 
80.400002 -0.089244068 0.11198002 0.050000001 -0.28098372 0.13678493 0.333 
80.349998 -0.08868324 0.11286754 0.050000001 -0.28240016 0.13799563 0.333 
80.300003 -0.08811868 0.11376204 0.050000001 -0.28383008 0.13921773 0.333 
80.25 -0.087550409 0.1146635 0.050000001 -0.28527349 0.14045122 0.333 
80.199997 -0.086978436 0.11557192 0.050000001 -0.28673044 0.14169616 0.333 
80.150002 -0.086402766 0.11648726 0.050000001 -0.28820094 0.14295252 0.333 
80.099998 -0.085823417 0.11740951 0.050000001 -0.28968501 0.14422034 0.333 
80.050003 -0.085240409 0.11833865 0.050000001 -0.29118267 0.14549965 0.333 
80 -0.084653743 0.11927465 0.050000001 -0.29269391 0.14679043 0.333 
79.949997 -0.084063448 0.12021749 0.050000001 -0.29421878 0.1480927 0.333 
79.900002 -0.083469532 0.12116714 0.050000001 -0.29575726 0.14940646 0.333 
79.849998 -0.082872011 0.12212357 0.050000001 -0.2973094 0.15073174 0.333 
79.800003 -0.082270905 0.12308674 0.050000001 -0.29887515 0.15206851 0.333 
79.75 -0.081666224 0.12405661 0.050000001 -0.30045456 0.15341678 0.333 
79.699997 -0.081057996 0.12503317 0.050000001 -0.30204755 0.15477656 0.333 
79.650002 -0.080446236 0.12601635 0.050000001 -0.30365419 0.15614781 0.333 
79.599998 -0.079830952 0.12700611 0.050000001 -0.30527446 0.15753053 0.333 
79.550003 -0.079212181 0.12800243 0.050000001 -0.30690831 0.15892471 0.333 
79.5 -0.078589931 0.12900527 0.050000001 -0.30855575 0.16033034 0.333 
79.449997 -0.077964224 0.13001454 0.050000001 -0.31021675 0.16174738 0.333 
79.400002 -0.077335082 0.1310302 0.050000001 -0.31189129 0.16317582 0.333 
79.349998 -0.076702528 0.13205223 0.050000001 -0.31357935 0.16461563 0.333 
79.300003 -0.076066591 0.13308054 0.050000001 -0.31528088 0.16606678 0.333 
79.25 -0.075427279 0.13411507 0.050000001 -0.31699586 0.16752924 0.333 
79.199997 -0.074784622 0.13515578 0.050000001 -0.31872424 0.16900295 0.333 
79.150002 -0.074138641 0.1362026 0.050000001 -0.32046601 0.1704879 0.333 
79.099998 -0.073489375 0.13725546 0.050000001 -0.32222107 0.17198402 0.333 
79.050003 -0.072836831 0.13831429 0.050000001 -0.32398942 0.17349127 0.333 
79 -0.072181039 0.13937902 0.050000001 -0.32577097 0.17500959 0.333 
78.949997 -0.071522027 0.14044958 0.050000001 -0.3275657 0.17653893 0.333 
78.900002 -0.070859827 0.14152588 0.050000001 -0.32937351 0.17807923 0.333 
78.849998 -0.070194453 0.14260784 0.050000001 -0.33119434 0.17963043 0.333 
78.800003 -0.06952595 0.1436954 0.050000001 -0.33302814 0.18119244 0.333 
78.75 -0.068854332 0.14478844 0.050000001 -0.33487481 0.1827652 0.333 
78.699997 -0.068179637 0.1458869 0.050000001 -0.33673427 0.18434863 0.333 
78.650002 -0.067501888 0.14699069 0.050000001 -0.33860645 0.18594266 0.333 
78.599998 -0.066821121 0.14809969 0.050000001 -0.34049124 0.18754718 0.333 
78.550003 -0.066137359 0.14921381 0.050000001 -0.34238857 0.18916212 0.333 
78.5 -0.065450639 0.15033296 0.050000001 -0.34429833 0.19078737 0.333 
78.449997 -0.064760998 0.15145704 0.050000001 -0.3462204 0.19242284 0.333 
78.400002 -0.064068459 0.15258592 0.050000001 -0.34815469 0.1940684 0.333 
78.349998 -0.063373059 0.15371951 0.050000001 -0.35010111 0.19572398 0.333 
78.300003 -0.062674835 0.15485771 0.050000001 -0.35205948 0.19738942 0.333 
78.25 -0.061973818 0.15600038 0.050000001 -0.35402972 0.19906464 0.333 
78.199997 -0.061270047 0.15714739 0.050000001 -0.35601169 0.20074949 0.333 
78.150002 -0.060563553 0.15829864 0.050000001 -0.35800526 0.20244385 0.333 
78.099998 -0.059854377 0.15945402 0.050000001 -0.36001027 0.20414758 0.333 
78.050003 -0.059142556 0.16061336 0.050000001 -0.3620266 0.20586054 0.333 
78 -0.058428124 0.16177656 0.050000001 -0.36405408 0.20758258 0.333 
77.949997 -0.057711124 0.16294347 0.050000001 -0.36609256 0.20931356 0.333 
77.900002 -0.056991596 0.16411395 0.050000001 -0.36814189 0.2110533 0.333 
77.849998 -0.056269579 0.16528787 0.050000001 -0.37020192 0.21280167 0.333 
77.800003 -0.055545114 0.16646507 0.050000001 -0.3722724 0.21455847 0.333 
77.75 -0.054818243 0.16764542 0.050000001 -0.37435323 0.21632354 0.333 
77.699997 -0.05408901 0.16882876 0.050000001 -0.37644419 0.2180967 0.333 
77.650002 -0.05335746 0.17001493 0.050000001 -0.37854511 0.21987778 0.333 
77.599998 -0.05262363 0.17120378 0.050000001 -0.38065577 0.22166656 0.333 
77.550003 -0.051887576 0.17239514 0.050000001 -0.38277596 0.22346285 0.333 
77.5 -0.051149335 0.17358884 0.050000001 -0.38490552 0.22526647 0.333 
77.449997 -0.050408963 0.17478473 0.050000001 -0.38704419 0.22707719 0.333 
77.400002 -0.049666502 0.17598262 0.050000001 -0.38919178 0.2288948 0.333 
77.349998 -0.048922002 0.17718236 0.050000001 -0.39134803 0.23071907 0.333 
77.300003 -0.048175514 0.17838374 0.050000001 -0.39351273 0.23254979 0.333 
77.25 -0.047427088 0.1795866 0.050000001 -0.39568564 0.2343867 0.333 
77.199997 -0.046676781 0.18079075 0.050000001 -0.39786652 0.2362296 0.333 
77.150002 -0.045924637 0.181996 0.050000001 -0.40005511 0.23807821 0.333 
77.099998 -0.045170721 0.18320216 0.050000001 -0.40225115 0.23993228 0.333 
77.050003 -0.044415083 0.18440904 0.050000001 -0.40445441 0.24179156 0.333 
77 -0.043657776 0.18561643 0.050000001 -0.40666455 0.2436558 0.333 
76.949997 -0.042898867 0.18682414 0.050000001 -0.40888137 0.2455247 0.333 
76.900002 -0.042138405 0.18803196 0.050000001 -0.41110453 0.247398 0.333 
76.849998 -0.041376457 0.18923968 0.050000001 -0.41333374 0.24927542 0.333 
76.800003 -0.040613081 0.19044709 0.050000001 -0.41556877 0.25115666 0.333 
76.75 -0.039848346 0.191654 0.050000001 -0.41780925 0.25304142 0.333 
76.699997 -0.039082307 0.19286016 0.050000001 -0.42005491 0.25492939 0.333 
76.650002 -0.038315035 0.19406538 0.050000001 -0.42230541 0.25682029 0.333 
76.599998 -0.037546594 0.19526941 0.050000001 -0.42456046 0.25871375 0.333 
76.550003 -0.036777057 0.19647203 0.050000001 -0.42681968 0.26060951 0.333 
76.5 -0.036006488 0.19767302 0.050000001 -0.42908278 0.26250723 0.333 
76.449997 -0.035234962 0.19887216 0.050000001 -0.43134943 0.26440653 0.333 
76.400002 -0.034462553 0.2000692 0.050000001 -0.43361923 0.26630712 0.333 
76.349998 -0.033689328 0.20126392 0.050000001 -0.4358919 0.26820859 0.333 
76.300003 -0.032915372 0.20245607 0.050000001 -0.43816701 0.27011067 0.333 
76.25 -0.032140758 0.20364541 0.050000001 -0.44044423 0.27201292 0.333 
76.199997 -0.031365566 0.20483169 0.050000001 -0.44272316 0.27391502 0.333 
76.150002 -0.030589877 0.20601466 0.050000001 -0.44500348 0.27581662 0.333 
76.099998 -0.029813772 0.2071941 0.050000001 -0.44728473 0.27771729 0.333 
76.050003 -0.02903734 0.20836976 0.050000001 -0.4495666 0.27961665 0.333 
76 -0.028260663 0.20954135 0.050000001 -0.45184863 0.28151435 0.333 
75.949997 -0.02748383 0.21070866 0.050000001 -0.45413044 0.28340995 0.333 
75.900002 -0.026706934 0.2118714 0.050000001 -0.45641166 0.28530309 0.333 
75.849998 -0.025930064 0.21302934 0.050000001 -0.45869181 0.28719336 0.333 
75.800003 -0.025153317 0.21418221 0.050000001 -0.46097052 0.28908029 0.333 
75.75 -0.024376784 0.21532975 0.050000001 -0.46324736 0.29096356 0.333 
75.699997 -0.023600567 0.2164717 0.050000001 -0.46552187 0.29284266 0.333 
75.650002 -0.022824766 0.2176078 0.050000001 -0.46779364 0.29471722 0.333 
75.599998 -0.022049483 0.2187378 0.050000001 -0.47006226 0.29658681 0.333 
75.550003 -0.021274822 0.2198614 0.050000001 -0.47232723 0.29845095 0.333 
75.5 -0.020500887 0.22097839 0.050000001 -0.47458813 0.30030924 0.333 
75.449997 -0.019727793 0.22208847 0.050000001 -0.47684452 0.30216122 0.333 
75.400002 -0.018955644 0.22319138 0.050000001 -0.47909591 0.30400646 0.333 
75.349998 -0.018184556 0.22428685 0.050000001 -0.48134184 0.30584449 0.333 
75.300003 -0.017414646 0.22537465 0.050000001 -0.4835819 0.30767488 0.333 
75.25 -0.016646029 0.22645448 0.050000001 -0.48581555 0.30949715 0.333 
75.199997 -0.015878828 0.2275261 0.050000001 -0.48804235 0.31131083 0.333 
75.150002 -0.015113163 0.22858922 0.050000001 -0.49026182 0.31311551 0.333 
75.099998 -0.01434916 0.22964361 0.050000001 -0.49247348 0.31491068 0.333 
75.050003 -0.013586944 0.230689 0.050000001 -0.49467686 0.3166959 0.333 
75 -0.012826647 0.23172513 0.050000001 -0.49687144 0.31847066 0.333 
74.949997 -0.012068398 0.23275174 0.050000001 -0.49905679 0.32023454 0.333 
74.900002 -0.011312334 0.23376857 0.050000001 -0.50123233 0.32198706 0.333 
74.849998 -0.010558589 0.23477538 0.050000001 -0.5033977 0.32372776 0.333 
74.800003 -0.0098073035 0.23577192 0.050000001 -0.50555229 0.32545611 0.333 
74.75 -0.0090586171 0.23675793 0.050000001 -0.50769562 0.32717171 0.333 
74.699997 -0.0083126742 0.23773319 0.050000001 -0.50982726 0.32887405 0.333 
74.650002 -0.0075696204 0.23869742 0.050000001 -0.51194668 0.33056271 0.333 
74.599998 -0.0068296036 0.23965043 0.050000001 -0.5140534 0.33223715 0.333 
74.550003 -0.0060927733 0.24059194 0.050000001 -0.51614684 0.33389696 0.333 
74.5 -0.0053592832 0.24152175 0.050000001 -0.51822662 0.33554167 0.333 
74.449997 -0.0046292865 0.24243961 0.050000001 -0.52029222 0.33717081 0.333 
74.400002 -0.0039029408 0.24334532 0.050000001 -0.5223431 0.33878392 0.333 
74.349998 -0.0031804042 0.24423864 0.050000001 -0.52437878 0.34038055 0.333 
74.300003 -0.0024618376 0.24511939 0.050000001 -0.52639878 0.34196028 0.333 
74.25 -0.0017474035 0.24598736 0.050000001 -0.52840263 0.34352261 0.333 
74.199997 -0.0010372663 0.24684232 0.050000001 -0.53038985 0.34506717 0.333 
74.150002 -0.00033159222 0.24768409 0.050000001 -0.53235996 0.34659347 0.333 
74.099998 0.00036945118 0.24851249 0.050000001 -0.53431243 0.34810111 0.333 
74.050003 0.0010656945 0.24932733 0.050000001 -0.53624678 0.34958968 0.333 
74 0.001756967 0.25012845 0.050000001 -0.53816265 0.35105875 0.333 
73.949997 0.0024430968 0.25091565 0.050000001 -0.54005945 0.35250792 0.333 
73.900002 0.0031239104 0.25168878 0.050000001 -0.54193681 0.35393682 0.333 
73.849998 0.0037992338 0.25244772 0.050000001 -0.54379421 0.35534501 0.333 
73.800003 0.0044688918 0.25319231 0.050000001 -0.54563129 0.35673219 0.333 
73.75 0.0051327082 0.25392237 0.050000001 -0.54744756 0.35809794 0.333 
73.699997 0.0057905074 0.25463781 0.050000001 -0.54924256 0.35944191 0.333 
73.650002 0.0064421115 0.25533852 0.050000001 -0.55101585 0.36076376 0.333 
73.599998 0.0070873438 0.25602436 0.050000001 -0.5527671 0.36206317 0.333 
73.550003 0.0077260276 0.25669524 0.050000001 -0.55449581 0.36333981 0.333 
73.5 0.0083579859 0.2573511 0.050000001 -0.5562017 0.36459342 0.333 
73.449997 0.0089830412 0.25799179 0.050000001 -0.55788422 0.36582363 0.333 
73.400002 0.0096010193 0.25861731 0.050000001 -0.55954313 0.3670302 0.333 
73.349998 0.010211744 0.25922754 0.050000001 -0.56117797 0.36821288 0.333 
73.300003 0.010815042 0.25982246 0.050000001 -0.56278837 0.36937141 0.333 
73.25 0.011410741 0.26040199 0.050000001 -0.56437409 0.37050557 0.333 
73.199997 0.011998669 0.26096615 0.050000001 -0.56593472 0.37161511 0.333 
73.150002 0.012578659 0.2615149 0.050000001 -0.56746995 0.37269989 0.333 
73.099998 0.013150541 0.26204821 0.050000001 -0.56897944 0.37375966 0.333 
73.050003 0.013714154 0.26256612 0.050000001 -0.57046294 0.3747943 0.333 
73 0.014269334 0.26306862 0.050000001 -0.57192016 0.37580368 0.333 
72.949997 0.014815924 0.26355571 0.050000001 -0.57335079 0.37678763 0.333 
72.900002 0.015353767 0.26402745 0.050000001 -0.5747546 0.37774608 0.333 
72.849998 0.015882712 0.2644839 0.050000001 -0.57613134 0.37867892 0.333 
72.800003 0.016402613 0.26492509 0.050000001 -0.57748079 0.37958607 0.333 
72.75 0.016913325 0.26535112 0.050000001 -0.57880276 0.3804675 0.333 
72.699997 0.017414708 0.26576203 0.050000001 -0.58009702 0.38132319 0.333 
72.650002 0.01790663 0.26615793 0.050000001 -0.58136344 0.38215309 0.333 
72.599998 0.018388964 0.26653895 0.050000001 -0.58260185 0.38295728 0.333 
72.550003 0.018861583 0.26690516 0.050000001 -0.58381206 0.38373575 0.333 
72.5 0.019324372 0.26725671 0.050000001 -0.58499402 0.38448852 0.333 
72.449997 0.01977722 0.26759374 0.050000001 -0.58614755 0.38521576 0.333 
72.400002 0.020220023 0.26791638 0.050000001 -0.58727258 0.38591748 0.333 
72.349998 0.02065268 0.26822481 0.050000001 -0.58836907 0.38659382 0.333 
72.300003 0.021075105 0.26851916 0.050000001 -0.58943695 0.38724494 0.333 
72.25 0.021487212 0.26879963 0.050000001 -0.59047616 0.387871 0.333 
72.199997 0.021888927 0.26906642 0.050000001 -0.59148675 0.38847217 0.333 
72.150002 0.022280181 0.26931974 0.050000001 -0.59246862 0.38904864 0.333 
72.099998 0.022660917 0.26955977 0.050000001 -0.59342194 0.38960063 0.333 
72.050003 0.023031082 0.26978675 0.050000001 -0.59434664 0.3901284 0.333 
72 0.023390634 0.27000087 0.050000001 -0.5952428 0.39063221 0.333 
71.949997 0.023739541 0.2702024 0.050000001 -0.59611058 0.39111233 0.333 
71.900002 0.024077779 0.27039155 0.050000001 -0.59694999 0.39156905 0.333 
71.849998 0.024405334 0.27056864 0.050000001 -0.59776121 0.3920027 0.333 
71.800003 0.024722198 0.27073383 0.050000001 -0.59854436 0.39241365 0.333 
71.75 0.025028378 0.27088746 0.050000001 -0.59929955 0.39280221 0.333 
71.699997 0.025323886 0.2710298 0.050000001 -0.60002708 0.39316878 0.333 
71.650002 0.02560875 0.27116108 0.050000001 -0.60072708 0.39351371 0.333 
71.599998 0.025882998 0.27128163 0.050000001 -0.60139978 0.39383742 0.333 
71.550003 0.026146678 0.27139172 0.050000001 -0.60204548 0.39414036 0.333 
71.5 0.026399843 0.27149162 0.050000001 -0.60266429 0.39442295 0.333 
71.449997 0.026642557 0.27158168 0.050000001 -0.60325664 0.39468563 0.333 
71.400002 0.026874892 0.27166218 0.050000001 -0.60382283 0.39492884 0.333 
71.349998 0.027096935 0.27173343 0.050000001 -0.60436302 0.39515308 0.333 
71.300003 0.027308775 0.27179572 0.050000001 -0.60487771 0.39535883 0.333 
71.25 0.027510518 0.27184939 0.050000001 -0.60536718 0.39554656 0.333 
71.199997 0.027702276 0.27189472 0.050000001 -0.60583186 0.39571682 0.333 
71.150002 0.027884172 0.27193207 0.050000001 -0.60627204 0.39587006 0.333 
71.099998 0.028056335 0.27196169 0.050000001 -0.60668814 0.39600685 0.333 
71.050003 0.028218906 0.27198395 0.050000001 -0.6070807 0.39612773 0.333 
71 0.028372036 0.27199915 0.050000001 -0.60745001 0.39623317 0.333 
70.949997 0.028515881 0.27200761 0.050000001 -0.60779655 0.39632374 0.333 
70.900002 0.028650604 0.27200964 0.050000001 -0.60812086 0.39639997 0.333 
70.849998 0.028776383 0.27200553 0.050000001 -0.60842335 0.39646244 0.333 
70.800003 0.028893394 0.27199563 0.050000001 -0.60870451 0.39651164 0.333 
70.75 0.029001828 0.27198023 0.050000001 -0.60896486 0.39654815 0.333 
70.699997 0.029101878 0.2719596 0.050000001 -0.60920495 0.3965725 0.333 
70.650002 0.029193748 0.27193406 0.050000001 -0.60942519 0.39658526 0.333 
70.599998 0.029277641 0.27190396 0.050000001 -0.60962623 0.39658692 0.333 
70.550003 0.029353771 0.27186951 0.050000001 -0.60980856 0.3965781 0.333 
70.5 0.029422356 0.27183104 0.050000001 -0.60997277 0.39655927 0.333 
70.449997 0.029483616 0.27178884 0.050000001 -0.61011934 0.39653099 0.333 
70.400002 0.029537778 0.27174315 0.050000001 -0.61024886 0.39649379 0.333 
70.349998 0.029585075 0.27169427 0.050000001 -0.61036193 0.39644817 0.333 
70.300003 0.029625732 0.27164248 0.050000001 -0.61045915 0.39639467 0.333 
70.25 0.029659992 0.271588 0.050000001 -0.61054099 0.39633378 0.333 
70.199997 0.02968809 0.27153108 0.050000001 -0.6106081 0.39626598 0.333 
70.150002 0.029710265 0.27147201 0.050000001 -0.61066109 0.39619181 0.333 
70.099998 0.029726755 0.27141097 0.050000001 -0.61070049 0.39611173 0.333 
70.050003 0.029737806 0.27134827 0.050000001 -0.61072689 0.39602616 0.333 
70 0.029743657 0.27128404 0.050000001 -0.61074084 0.39593562 0.333 
69.949997 0.029744547 0.27121857 0.050000001 -0.61074299 0.39584053 0.333 
69.900002 0.029740719 0.27115202 0.050000001 -0.61073381 0.39574134 0.333 
69.849998 0.029732414 0.27108461 0.050000001 -0.61071402 0.39563847 0.333 
69.800003 0.029719865 0.27101654 0.050000001 -0.61068404 0.39553231 0.333 
69.75 0.029703312 0.27094796 0.050000001 -0.61064452 0.39542326 0.333 
69.699997 0.029682986 0.27087912 0.050000001 -0.61059594 0.39531174 0.333 
69.650002 0.02965912 0.2708101 0.050000001 -0.6105389 0.39519811 0.333 
69.599998 0.029631937 0.27074111 0.050000001 -0.61047399 0.39508271 0.333 
69.550003 0.029601665 0.27067229 0.050000001 -0.61040163 0.39496589 0.333 
69.5 0.029568521 0.27060378 0.050000001 -0.61032236 0.39484799 0.333 
69.449997 0.029532723 0.27053574 0.050000001 -0.61023676 0.39472932 0.333 
69.400002 0.029494483 0.27046826 0.050000001 -0.61014533 0.3946102 0.333 
69.349998 0.029454004 0.27040148 0.050000001 -0.61004847 0.3944909 0.333 
69.300003 0.029411489 0.27033553 0.050000001 -0.60994673 0.39437166 0.333 
69.25 0.029367136 0.2702705 0.050000001 -0.60984057 0.39425281 0.333 
69.199997 0.029321132 0.27020645 0.050000001 -0.60973042 0.39413458 0.333 
69.150002 0.029273666 0.27014354 0.050000001 -0.6096167 0.39401716 0.333 
69.099998 0.029224917 0.27008182 0.050000001 -0.60949993 0.39390078 0.333 
69.050003 0.029175058 0.27002138 0.050000001 -0.60938042 0.39378572 0.333 
69 0.029124256 0.26996225 0.050000001 -0.60925859 0.39367205 0.333 
68.949997 0.02907267 0.26990455 0.050000001 -0.60913485 0.39356005 0.333 
68.900002 0.029020458 0.26984829 0.050000001 -0.60900956 0.39344984 0.333 
68.849998 0.028967768 0.26979354 0.050000001 -0.60888308 0.3933416 0.333 
68.800003 0.028914742 0.26974034 0.050000001 -0.60875577 0.39323545 0.333 
68.75 0.028861515 0.26968876 0.050000001 -0.60862792 0.39313152 0.333 
68.699997 0.028808219 0.26963878 0.050000001 -0.60849988 0.39302993 0.333 
68.650002 0.028754974 0.26959047 0.050000001 -0.60837185 0.39293078 0.333 
68.599998 0.028701898 0.26954383 0.050000001 -0.60824424 0.39283419 0.333 
68.550003 0.028649099 0.26949888 0.050000001 -0.60811722 0.39274022 0.333 
68.5 0.028596686 0.26945564 0.050000001 -0.6079911 0.39264897 0.333 
68.449997 0.028544752 0.26941413 0.050000001 -0.60786611 0.39256048 0.333 
68.400002 0.028493393 0.26937431 0.050000001 -0.60774243 0.3924748 0.333 
68.349998 0.028442692 0.26933622 0.050000001 -0.60762024 0.39239201 0.333 
68.300003 0.028392728 0.26929986 0.050000001 -0.60749984 0.39231211 0.333 
68.25 0.028343577 0.2692652 0.050000001 -0.6073814 0.39223516 0.333 
68.199997 0.028295306 0.26923224 0.050000001 -0.607265 0.39216116 0.333 
68.150002 0.02824798 0.26920095 0.050000001 -0.60715079 0.39209011 0.333 
68.099998 0.028201655 0.26917136 0.050000001 -0.60703903 0.39202204 0.333 
68.050003 0.028156381 0.2691434 0.050000001 -0.60692978 0.39195696 0.333 
68 0.028112207 0.26911706 0.050000001 -0.60682309 0.39189482 0.333 
67.949997 0.028069176 0.26909229 0.050000001 -0.6067192 0.39183563 0.333 
67.900002 0.028027322 0.26906914 0.050000001 -0.60661805 0.39177936 0.333 
67.849998 0.027986681 0.2690475 0.050000001 -0.60651988 0.39172599 0.333 
67.800003 0.027947279 0.26902738 0.050000001 -0.60642463 0.3916755 0.333 
67.75 0.027909141 0.26900873 0.050000001 -0.60633242 0.39162785 0.333 
67.699997 0.027872285 0.26899153 0.050000001 -0.60624325 0.39158297 0.333 
67.650002 0.027836729 0.26897573 0.050000001 -0.60615724 0.39154086 0.333 
67.599998 0.027802482 0.26896131 0.050000001 -0.60607439 0.39150143 0.333 
67.550003 0.027769556 0.26894823 0.050000001 -0.6059947 0.39146465 0.333 
67.5 0.027737955 0.2689364 0.050000001 -0.60591823 0.39143047 0.333 
67.449997 0.027707679 0.26892585 0.050000001 -0.60584491 0.39139882 0.333 
67.400002 0.027678728 0.26891652 0.050000001 -0.60577482 0.39136964 0.333 
67.349998 0.027651096 0.26890832 0.050000001 -0.60570788 0.39134288 0.333 
67.300003 0.027624778 0.26890129 0.050000001 -0.60564411 0.39131847 0.333 
67.25 0.027599765 0.2688953 0.050000001 -0.60558355 0.39129633 0.333 
67.199997 0.027576044 0.26889038 0.050000001 -0.60552603 0.39127642 0.333 
67.150002 0.027553599 0.26888645 0.050000001 -0.60547167 0.39125863 0.333 
67.099998 0.027532415 0.2688835 0.050000001 -0.60542029 0.39124292 0.333 
67.050003 0.027512476 0.26888144 0.050000001 -0.60537195 0.39122921 0.333 
67 0.027493758 0.26888025 0.050000001 -0.60532659 0.39121741 0.333 
66.949997 0.027476242 0.26887989 0.050000001 -0.60528409 0.39120749 0.333 
66.900002 0.027459903 0.26888034 0.050000001 -0.60524446 0.39119932 0.333 
66.849998 0.027444717 0.26888153 0.050000001 -0.60520762 0.39119288 0.333 
66.800003 0.027430655 0.26888341 0.050000001 -0.60517353 0.39118809 0.333 
66.75 0.027417695 0.26888597 0.050000001 -0.60514206 0.39118484 0.333 
66.699997 0.027405808 0.26888916 0.050000001 -0.60511321 0.39118308 0.333 
66.650002 0.027394962 0.26889294 0.050000001 -0.60508692 0.39118275 0.333 
66.599998 0.027385129 0.26889727 0.050000001 -0.60506308 0.39118376 0.333 
66.550003 0.027376277 0.26890212 0.050000001 -0.60504156 0.39118603 0.333 
66.5 0.027368378 0.26890743 0.050000001 -0.60502243 0.39118952 0.333 
66.449997 0.027361397 0.26891318 0.050000001 -0.60500544 0.39119413 0.333 
66.400002 0.027355304 0.26891935 0.050000001 -0.60499066 0.39119983 0.333 
66.349998 0.027350066 0.26892591 0.050000001 -0.60497797 0.39120653 0.333 
66.300003 0.027345654 0.26893276 0.050000001 -0.60496724 0.39121416 0.333 
66.25 0.027342029 0.26893994 0.050000001 -0.60495847 0.39122266 0.333 
66.199997 0.027339164 0.26894742 0.050000001 -0.6049515 0.39123198 0.333 
66.150002 0.027337024 0.26895511 0.050000001 -0.60494632 0.39124206 0.333 
66.099998 0.027335579 0.26896304 0.050000001 -0.6049428 0.39125279 0.333 
66.050003 0.027334793 0.26897117 0.050000001 -0.60494089 0.39126417 0.333 
66 0.027334636 0.26897946 0.050000001 -0.60494053 0.39127615 0.333 
65.949997 0.027335076 0.26898786 0.050000001 -0.60494161 0.39128861 0.333 
65.900002 0.027336083 0.26899639 0.050000001 -0.60494405 0.39130157 0.333 
65.849998 0.027337624 0.269005 0.050000001 -0.60494775 0.39131492 0.333 
65.800003 0.027339671 0.26901367 0.050000001 -0.60495275 0.39132866 0.333 
65.75 0.027342189 0.26902241 0.050000001 -0.60495883 0.3913427 0.333 
65.699997 0.027345154 0.26903117 0.050000001 -0.60496604 0.391357 0.333 
65.650002 0.027348535 0.2690399 0.050000001 -0.60497427 0.39137155 0.333 
65.599998 0.027352303 0.26904863 0.050000001 -0.60498339 0.3913863 0.333 
65.550003 0.027356431 0.26905733 0.050000001 -0.6049934 0.39140117 0.333 
65.5 0.02736089 0.26906598 0.050000001 -0.60500425 0.39141613 0.333 
65.449997 0.027365657 0.26907456 0.050000001 -0.60501581 0.39143118 0.333 
65.400002 0.027370702 0.26908305 0.050000001 -0.60502803 0.39144626 0.333 
65.349998 0.027376004 0.26909146 0.050000001 -0.60504091 0.39146134 0.333 
65.300003 0.027381537 0.26909974 0.050000001 -0.60505432 0.39147639 0.333 
65.25 0.027387278 0.26910791 0.050000001 -0.60506827 0.39149135 0.333 
65.199997 0.027393201 0.26911595 0.050000001 -0.60508263 0.39150625 0.333 
65.150002 0.02739929 0.26912385 0.050000001 -0.60509741 0.39152101 0.333 
65.099998 0.027405519 0.2691316 0.050000001 -0.60511255 0.39153564 0.333 
65.050003 0.027411869 0.2691392 0.050000001 -0.60512793 0.39155006 0.333 
65 0.027418319 0.26914659 0.050000001 -0.60514361 0.39156434 0.333 
64.949997 0.027424853 0.26915383 0.050000001 -0.60515946 0.39157838 0.333 
64.900002 0.027431451 0.2691609 0.050000001 -0.60517544 0.3915922 0.333 
64.849998 0.027438095 0.26916775 0.050000001 -0.60519159 0.39160576 0.333 
64.800003 0.027444771 0.26917443 0.050000001 -0.60520774 0.39161906 0.333 
64.75 0.027451459 0.26918089 0.050000001 -0.60522395 0.39163208 0.333 
64.699997 0.027458148 0.26918718 0.050000001 -0.60524023 0.39164481 0.333 
64.650002 0.027464822 0.26919323 0.050000001 -0.60525638 0.39165723 0.333 
64.599998 0.02747147 0.2691991 0.050000001 -0.60527253 0.39166933 0.333 
64.550003 0.027478075 0.26920474 0.050000001 -0.60528851 0.3916811 0.333 
64.5 0.027484626 0.26921019 0.050000001 -0.60530442 0.39169255 0.333 
64.449997 0.027491115 0.2692154 0.050000001 -0.60532016 0.39170364 0.333 
64.400002 0.027497528 0.26922041 0.050000001 -0.60533571 0.39171439 0.333 
64.349998 0.027503856 0.26922524 0.050000001 -0.60535103 0.3917248 0.333 
64.300003 0.02751009 0.26922983 0.050000001 -0.60536617 0.39173481 0.333 
64.25 0.027516223 0.26923418 0.050000001 -0.60538101 0.39174449 0.333 
64.199997 0.027522244 0.26923835 0.050000001 -0.60539562 0.39175379 0.333 
64.150002 0.027528148 0.26924232 0.050000001 -0.60540992 0.39176273 0.333 
64.099998 0.027533928 0.26924607 0.050000001 -0.60542399 0.39177132 0.333 
64.050003 0.027539577 0.26924962 0.050000001 -0.60543764 0.39177951 0.333 
64 0.027545091 0.26925299 0.050000001 -0.60545105 0.39178735 0.333 
63.950001 0.027550464 0.26925611 0.050000001 -0.60546404 0.39179483 0.333 
63.900002 0.027555693 0.2692591 0.050000001 -0.60547674 0.39180195 0.333 
63.849998 0.027560772 0.26926184 0.050000001 -0.60548902 0.39180872 0.333 
63.799999 0.027565699 0.26926443 0.050000001 -0.605501 0.39181513 0.333 
63.75 0.027570471 0.26926681 0.050000001 -0.60551256 0.39182118 0.333 
63.700001 0.027575087 0.26926905 0.050000001 -0.60552371 0.3918269 0.333 
63.650002 0.027579542 0.26927108 0.050000001 -0.60553449 0.39183226 0.333 
63.599998 0.027583838 0.26927295 0.050000001 -0.60554492 0.3918373 0.333 
63.549999 0.027587971 0.26927465 0.050000001 -0.60555494 0.39184201 0.333 
63.5 0.02759194 0.2692762 0.050000001 -0.60556459 0.39184639 0.333 
63.450001 0.027595749 0.2692776 0.050000001 -0.60557377 0.39185047 0.333 
63.400002 0.027599394 0.26927882 0.050000001 -0.60558265 0.39185423 0.333 
63.349998 0.027602879 0.26927993 0.050000001 -0.60559106 0.39185768 0.333 
63.299999 0.0276062 0.26928088 0.050000001 -0.60559911 0.39186087 0.333 
63.25 0.027609363 0.26928169 0.050000001 -0.60560679 0.39186376 0.333 
63.200001 0.027612366 0.26928237 0.050000001 -0.60561407 0.39186636 0.333 
63.150002 0.027615212 0.26928294 0.050000001 -0.60562098 0.39186871 0.333 
63.099998 0.027617903 0.26928335 0.050000001 -0.60562748 0.3918708 0.333 
63.049999 0.02762044 0.26928368 0.050000001 -0.60563362 0.39187261 0.333 
63 0.027622826 0.26928389 0.050000001 -0.6056394 0.39187422 0.333 
62.950001 0.027625065 0.26928401 0.050000001 -0.60564482 0.39187559 0.333 
62.900002 0.027627157 0.26928401 0.050000001 -0.60564989 0.39187673 0.333 
62.849998 0.027629107 0.26928392 0.050000001 -0.6056546 0.39187765 0.333 
62.799999 0.027630916 0.26928374 0.050000001 -0.60565901 0.39187837 0.333 
62.75 0.02763259 0.26928347 0.050000001 -0.60566306 0.39187887 0.333 
62.700001 0.027634129 0.26928315 0.050000001 -0.60566676 0.3918792 0.333 
62.650002 0.027635539 0.26928273 0.050000001 -0.60567021 0.39187935 0.333 
62.599998 0.027636824 0.26928225 0.050000001 -0.60567331 0.39187935 0.333 
62.549999 0.027637985 0.26928169 0.050000001 -0.60567611 0.39187917 0.333 
62.5 0.027639028 0.26928106 0.050000001 -0.60567868 0.39187884 0.333 
62.450001 0.027639955 0.2692804 0.050000001 -0.60568088 0.39187834 0.333 
62.400002 0.027640773 0.26927966 0.050000001 -0.60568285 0.39187774 0.333 
62.349998 0.027641481 0.26927888 0.050000001 -0.60568458 0.391877 0.333 
62.299999 0.027642088 0.26927808 0.050000001 -0.60568607 0.39187613 0.333 
62.25 0.027642593 0.26927722 0.050000001 -0.60568726 0.39187515 0.333 
62.200001 0.027643004 0.26927632 0.050000001 -0.60568827 0.39187407 0.333 
62.150002 0.027643323 0.2692754 0.050000001 -0.60568905 0.39187288 0.333 
62.099998 0.027643556 0.26927444 0.050000001 -0.60568964 0.39187163 0.333 
62.049999 0.027643703 0.26927346 0.050000001 -0.60569 0.39187029 0.333 
62 0.027643772 0.26927245 0.050000001 -0.60569012 0.39186886 0.333 
61.950001 0.027643764 0.26927143 0.050000001 -0.60569012 0.39186737 0.333 
61.900002 0.027643684 0.26927039 0.050000001 -0.60568994 0.39186582 0.333 
61.849998 0.027643537 0.26926935 0.050000001 -0.60568959 0.39186421 0.333 
61.799999 0.027643325 0.26926827 0.050000001 -0.60568905 0.39186254 0.333 
61.75 0.027643053 0.26926723 0.050000001 -0.60568839 0.39186084 0.333 
61.700001 0.027642723 0.26926616 0.050000001 -0.60568762 0.39185911 0.333 
61.650002 0.027642339 0.26926509 0.050000001 -0.60568666 0.39185733 0.333 
61.599998 0.027641907 0.26926401 0.050000001 -0.60568565 0.39185554 0.333 
61.549999 0.027641429 0.26926294 0.050000001 -0.60568446 0.39185372 0.333 
61.5 0.027640905 0.26926187 0.050000001 -0.60568321 0.3918519 0.333 
61.450001 0.027640343 0.26926079 0.050000001 -0.60568184 0.39185005 0.333 
61.400002 0.027639745 0.26925975 0.050000001 -0.60568041 0.39184821 0.333 
61.349998 0.027639113 0.26925871 0.050000001 -0.60567886 0.39184636 0.333 
61.299999 0.02763845 0.26925769 0.050000001 -0.60567725 0.39184451 0.333 
61.25 0.027637761 0.26925668 0.050000001 -0.60567558 0.39184266 0.333 
61.200001 0.027637048 0.2692557 0.050000001 -0.60567385 0.39184082 0.333 
61.150002 0.027636312 0.26925471 0.050000001 -0.60567206 0.391839 0.333 
61.099998 0.027635556 0.26925373 0.050000001 -0.60567021 0.39183718 0.333 
61.049999 0.027634785 0.26925281 0.050000001 -0.60566837 0.39183539 0.333 
61 0.027634 0.26925188 0.050000001 -0.60566646 0.39183363 0.333 
60.950001 0.027633203 0.26925099 0.050000001 -0.60566455 0.3918319 0.333 
60.900002 0.027632397 0.26925009 0.050000001 -0.60566258 0.39183018 0.333 
60.849998 0.027631583 0.26924923 0.050000001 -0.60566062 0.39182851 0.333 
60.799999 0.027630765 0.2692484 0.050000001 -0.60565865 0.39182684 0.333 
60.75 0.027629944 0.26924759 0.050000001 -0.60565662 0.39182523 0.333 
60.700001 0.027629122 0.26924682 0.050000001 -0.60565466 0.39182365 0.333 
60.650002 0.027628301 0.26924607 0.050000001 -0.60565269 0.3918221 0.333 
60.599998 0.027627481 0.26924533 0.050000001 -0.60565066 0.39182061 0.333 
60.549999 0.027626667 0.26924461 0.050000001 -0.6056487 0.39181912 0.333 
60.5 0.027625857 0.26924393 0.050000001 -0.60564673 0.39181769 0.333 
60.450001 0.027625056 0.26924327 0.050000001 -0.60564482 0.39181632 0.333 
60.400002 0.027624262 0.26924264 0.050000001 -0.60564286 0.39181498 0.333 
60.349998 0.027623478 0.26924205 0.050000001 -0.60564101 0.39181367 0.333 
60.299999 0.027622705 0.26924148 0.050000001 -0.6056391 0.39181241 0.333 
60.25 0.027621945 0.26924092 0.050000001 -0.60563725 0.39181119 0.333 
60.200001 0.027621197 0.26924041 0.050000001 -0.60563546 0.39181003 0.333 
60.150002 0.027620463 0.2692399 0.050000001 -0.60563368 0.39180893 0.333 
60.099998 0.027619744 0.26923943 0.050000001 -0.60563195 0.39180785 0.333 
60.049999 0.027619042 0.26923898 0.050000001 -0.60563022 0.39180681 0.333 
60 0.027618354 0.26923856 0.050000001 -0.60562855 0.39180583 0.333 
