30 -0.13753518 0.030298488 0.050000001 -0.17564 0.034083668 0.333 
30.049999 -0.13700624 0.03043714 0.050000001 -0.17660783 0.03427184 0.333 
30.1 -0.13645068 0.03057841 0.050000001 -0.17762883 0.034464885 0.333 
30.15 -0.13586669 0.030722568 0.050000001 -0.17870702 0.034663249 0.333 
30.200001 -0.1352523 0.030869899 0.050000001 -0.17984678 0.03486741 0.333 
30.25 -0.13460541 0.031020716 0.050000001 -0.18105288 0.035077889 0.333 
30.299999 -0.13392374 0.031175347 0.050000001 -0.18233053 0.035295248 0.333 
30.35 -0.13320483 0.031334154 0.050000001 -0.18368545 0.035520092 0.333 
30.4 -0.13244604 0.031497519 0.050000001 -0.18512391 0.035753086 0.333 
30.450001 -0.13164446 0.031665869 0.050000001 -0.18665278 0.035994947 0.333 
30.5 -0.13079694 0.031839658 0.050000001 -0.18827966 0.03624646 0.333 
30.549999 -0.1299001 0.032019373 0.050000001 -0.19001289 0.036508482 0.333 
30.6 -0.12895021 0.032205556 0.050000001 -0.19186173 0.036781952 0.333 
30.65 -0.1279432 0.032398798 0.050000001 -0.19383645 0.037067905 0.333 
30.700001 -0.12687464 0.03259974 0.050000001 -0.19594842 0.037367474 0.333 
30.75 -0.12573968 0.03280909 0.050000001 -0.19821034 0.037681915 0.333 
30.799999 -0.12453295 0.033027619 0.050000001 -0.20063637 0.038012613 0.333 
30.85 -0.12324859 0.033256188 0.050000001 -0.20324236 0.038361106 0.333 
30.9 -0.12188013 0.033495743 0.050000001 -0.20604613 0.038729113 0.333 
30.950001 -0.12042037 0.033747338 0.050000001 -0.20906773 0.03911854 0.333 
31 -0.1188614 0.034012143 0.050000001 -0.21232976 0.039531536 0.333 
31.049999 -0.11719438 0.034291465 0.050000001 -0.21585788 0.039970513 0.333 
31.1 -0.11540949 0.034586765 0.050000001 -0.21968117 0.04043819 0.333 
31.15 -0.11349574 0.0348997 0.050000001 -0.22383282 0.040937643 0.333 
31.200001 -0.11144085 0.035232127 0.050000001 -0.22835071 0.041472383 0.333 
31.25 -0.10923099 0.035586163 0.050000001 -0.2332783 0.042046405 0.333 
31.299999 -0.1068506 0.035964217 0.050000001 -0.23866561 0.042664308 0.333 
31.35 -0.1042821 0.036369048 0.050000001 -0.24457026 0.043331385 0.333 
31.4 -0.10150554 0.036803827 0.050000001 -0.25105894 0.044053774 0.333 
31.450001 -0.098498255 0.037272234 0.050000001 -0.25820902 0.04483863 0.333 
31.5 -0.095234394 0.037778545 0.050000001 -0.26611039 0.045694329 0.333 
31.549999 -0.091684401 0.038327761 0.050000001 -0.27486759 0.046630751 0.333 
31.6 -0.087814413 0.038925786 0.050000001 -0.28460243 0.047659609 0.333 
31.65 -0.083585523 0.039579619 0.050000001 -0.29545647 0.048794903 0.333 
31.700001 -0.07895302 0.040297624 0.050000001 -0.30759391 0.050053436 0.333 
31.75 -0.073865481 0.041089863 0.050000001 -0.32120386 0.051455561 0.333 
31.799999 -0.068263881 0.041968536 0.050000001 -0.33650184 0.05302608 0.333 
31.85 -0.06208073 0.042948551 0.050000001 -0.35372898 0.054795418 0.333 
31.9 -0.055239402 0.044048246 0.050000001 -0.37314716 0.056801144 0.333 
31.950001 -0.047654048 0.045290329 0.050000001 -0.39502645 0.059089925 0.333 
32 -0.039230444 0.04670307 0.050000001 -0.41962054 0.061719935 0.333 
32.049999 -0.029868638 0.048321776 0.050000001 -0.44712347 0.064763874 0.333 
32.099998 -0.019468425 0.050190516 0.050000001 -0.47760102 0.068312466 0.333 
32.150002 -0.0079389643 0.052363999 0.050000001 -0.5108937 0.072478168 0.333 
32.200001 0.0047863275 0.054909222 0.050000001 -0.54650044 0.077398539 0.333 
32.25 0.018729465 0.057906203 0.050000001 -0.5834741 0.08323779 0.333 
32.299999 0.033844486 0.06144667 0.050000001 -0.62039125 0.090184599 0.333 
32.349998 0.049996734 0.065629303 0.050000001 -0.65546918 0.098443523 0.333 
32.400002 0.06695357 0.070550524 0.050000001 -0.68686116 0.10821795 0.333 
32.450001 0.084394105 0.076291442 0.050000001 -0.71305829 0.11968511 0.333 
32.5 0.10193908 0.082903981 0.050000001 -0.73322755 0.13296789 0.333 
32.549999 0.11919299 0.090400867 0.050000001 -0.74732947 0.14811151 0.333 
32.599998 0.13578548 0.098753177 0.050000001 -0.75598872 0.16507293 0.333 
32.650002 0.15140142 0.10789596 0.050000001 -0.76022321 0.18372555 0.333 
32.700001 0.16579565 0.11773878 0.050000001 -0.76117098 0.20387545 0.333 
32.75 0.17879492 0.12817705 0.050000001 -0.7598967 0.22528268 0.333 
32.799999 0.19029127 0.13910149 0.050000001 -0.75729334 0.24768168 0.333 
32.849998 0.20023207 0.15040444 0.050000001 -0.75405544 0.27079779 0.333 
32.900002 0.20860904 0.16198359 0.050000001 -0.75069177 0.29435951 0.333 
32.950001 0.21544842 0.17374387 0.050000001 -0.7475549 0.3181071 0.333 
33 0.22080238 0.18559816 0.050000001 -0.74487346 0.34179848 0.333 
33.049999 0.22474208 0.19746757 0.050000001 -0.7427817 0.36521313 0.333 
33.099998 0.22735202 0.20928119 0.050000001 -0.7413432 0.38815466 0.333 
33.150002 0.22872549 0.22097601 0.050000001 -0.74056989 0.4104521 0.333 
33.200001 0.22896086 0.23249644 0.050000001 -0.74043626 0.43196017 0.333 
33.25 0.22815868 0.2437939 0.050000001 -0.74089038 0.45255888 0.333 
33.299999 0.22641928 0.25482634 0.050000001 -0.741862 0.47215205 0.333 
33.349998 0.22384095 0.26555753 0.050000001 -0.74326873 0.49066585 0.333 
33.400002 0.22051838 0.27595666 0.050000001 -0.74502045 0.50804633 0.333 
33.450001 0.21654159 0.28599751 0.050000001 -0.74702299 0.52425718 0.333 
33.5 0.21199507 0.29565802 0.050000001 -0.74918067 0.53927732 0.333 
33.549999 0.20695725 0.3049196 0.050000001 -0.75139815 0.55309808 0.333 
33.599998 0.2015001 0.31376672 0.050000001 -0.753582 0.56572145 0.333 
33.650002 0.19568896 0.32218635 0.050000001 -0.75564176 0.57715756 0.333 
33.700001 0.18958253 0.33016777 0.050000001 -0.75749063 0.58742297 0.333 
33.75 0.18323289 0.33770204 0.050000001 -0.75904596 0.59653908 0.333 
33.799999 0.17668577 0.34478194 0.050000001 -0.76022959 0.60453087 0.333 
33.849998 0.16998066 0.35140178 0.050000001 -0.76096809 0.61142546 0.333 
33.900002 0.16315125 0.35755715 0.050000001 -0.76119232 0.61725181 0.333 
33.950001 0.15622562 0.36324501 0.050000001 -0.76083761 0.62203938 0.333 
34 0.14922656 0.36846352 0.050000001 -0.75984329 0.62581801 0.333 
34.049999 0.14217199 0.37321201 0.050000001 -0.75815207 0.62861741 0.333 
34.099998 0.13507511 0.37749094 0.050000001 -0.75570947 0.63046658 0.333 
34.150002 0.12794477 0.38130188 0.050000001 -0.75246298 0.63139379 0.333 
34.200001 0.12078568 0.3846474 0.050000001 -0.74836105 0.63142616 0.333 
34.25 0.11359859 0.38753095 0.050000001 -0.74335217 0.63058931 0.333 
34.299999 0.1063804 0.38995695 0.050000001 -0.73738337 0.62890726 0.333 
34.349998 0.09912429 0.39193043 0.050000001 -0.73039877 0.62640226 0.333 
34.400002 0.091819704 0.39345711 0.050000001 -0.7223382 0.6230942 0.333 
34.450001 0.084452294 0.39454314 0.050000001 -0.7131353 0.61900055 0.333 
34.5 0.077003814 0.39519504 0.050000001 -0.70271569 0.6141361 0.333 
34.549999 0.069451906 0.39541948 0.050000001 -0.69099522 0.60851252 0.333 
34.599998 0.061769821 0.39522317 0.050000001 -0.67787778 0.60213816 0.333 
34.650002 0.053926066 0.39461285 0.050000001 -0.66325396 0.59501779 0.333 
34.700001 0.045884047 0.39359492 0.050000001 -0.64699996 0.5871523 0.333 
34.75 0.037601627 0.39217556 0.050000001 -0.62897718 0.57853866 0.333 
34.799999 0.029030811 0.39036059 0.050000001 -0.60903442 0.56916982 0.333 
34.849998 0.020117514 0.38815546 0.050000001 -0.58701235 0.55903506 0.333 
34.900002 0.01080171 0.38556519 0.050000001 -0.56275284 0.5481208 0.333 
34.950001 0.0010181193 0.38259453 0.050000001 -0.53611475 0.5364114 0.333 
35 -0.0093022175 0.37924805 0.050000001 -0.50699866 0.52389157 0.333 
35.049999 -0.02022904 0.37553036 0.050000001 -0.47538179 0.51054931 0.333 
35.099998 -0.031828247 0.3714464 0.050000001 -0.44136295 0.49638 0.333 
35.150002 -0.044155255 0.36700162 0.050000001 -0.40521246 0.48139217 0.333 
35.200001 -0.057246458 0.36220247 0.050000001 -0.36741561 0.46561381 0.333 
35.25 -0.071109593 0.35705644 0.050000001 -0.32869112 0.44909874 0.333 
35.299999 -0.085714772 0.35157254 0.050000001 -0.28996378 0.43193164 0.333 
35.349998 -0.10098875 0.34576121 0.050000001 -0.25227869 0.41422972 0.333 
35.400002 -0.1168147 0.33963433 0.050000001 -0.21666723 0.3961395 0.333 
35.450001 -0.13303901 0.33320528 0.050000001 -0.18399906 0.37782878 0.333 
35.5 -0.14948402 0.32648885 0.050000001 -0.15486754 0.35947466 0.333 
35.549999 -0.1659638 0.31950137 0.050000001 -0.12954281 0.3412506 0.333 
35.599998 -0.18229954 0.31226087 0.050000001 -0.10799664 0.3233152 0.333 
35.650002 -0.19833146 0.3047871 0.050000001 -0.089976288 0.30580419 0.333 
35.700001 -0.21392597 0.2971018 0.050000001 -0.075094335 0.28882691 0.333 
35.75 -0.22897829 0.28922862 0.050000001 -0.062908642 0.27246591 0.333 
35.799999 -0.2434116 0.28119302 0.050000001 -0.052980103 0.25677893 0.333 
35.849998 -0.25717413 0.27302209 0.050000001 -0.044906937 0.24180247 0.333 
35.900002 -0.27023539 0.2647441 0.050000001 -0.03834039 0.22755529 0.333 
35.950001 -0.28258187 0.25638813 0.050000001 -0.032988168 0.21404213 0.333 
36 -0.29421353 0.24798368 0.050000001 -0.028610954 0.20125684 0.333 
36.049999 -0.30514053 0.23956002 0.050000001 -0.025015755 0.1891851 0.333 
36.099998 -0.31538031 0.23114592 0.050000001 -0.022048395 0.17780656 0.333 
36.150002 -0.32495561 0.22276913 0.050000001 -0.019586356 0.16709663 0.333 
36.200001 -0.33389276 0.21445608 0.050000001 -0.017532492 0.15702786 0.333 
36.25 -0.34222028 0.20623155 0.050000001 -0.015809771 0.14757094 0.333 
36.299999 -0.3499679 0.19811845 0.050000001 -0.014357018 0.13869564 0.333 
36.349998 -0.35716581 0.19013767 0.050000001 -0.013125514 0.13037139 0.333 
36.400002 -0.36384416 0.18230793 0.050000001 -0.012076319 0.12256775 0.333 
36.450001 -0.37003249 0.17464575 0.050000001 -0.011178182 0.11525485 0.333 
36.5 -0.37575963 0.16716547 0.050000001 -0.010405907 0.10840359 0.333 
36.549999 -0.38105336 0.15987924 0.050000001 -0.0097390804 0.10198589 0.333 
36.599998 -0.38594034 0.1527971 0.050000001 -0.0091610821 0.09597481 0.333 
36.650002 -0.39044601 0.14592709 0.050000001 -0.0086583151 0.090344623 0.333 
36.700001 -0.39459452 0.13927534 0.050000001 -0.0082195932 0.085070908 0.333 
36.75 -0.39840883 0.13284628 0.050000001 -0.0078356741 0.080130532 0.333 
36.799999 -0.40191057 0.12664266 0.050000001 -0.007498879 0.075501673 0.333 
36.849998 -0.40512019 0.1206658 0.050000001 -0.007202799 0.071163811 0.333 
36.900002 -0.40805689 0.11491565 0.050000001 -0.0069420589 0.067097671 0.333 
36.950001 -0.41073874 0.10939106 0.050000001 -0.0067121303 0.063285187 0.333 
37 -0.41318274 0.10408975 0.050000001 -0.0065091788 0.059709478 0.333 
37.049999 -0.41540477 0.099008627 0.050000001 -0.0063299462 0.056354765 0.333 
37.099998 -0.41741979 0.094143756 0.050000001 -0.0061716489 0.053206328 0.333 
37.150002 -0.41924176 0.0894906 0.050000001 -0.0060319006 0.050250445 0.333 
37.200001 -0.42088377 0.085044041 0.050000001 -0.0059086476 0.047474343 0.333 
37.25 -0.4223581 0.080798544 0.050000001 -0.0058001131 0.044866122 0.333 
37.299999 -0.42367616 0.076748215 0.050000001 -0.0057047568 0.042414721 0.333 
37.349998 -0.42484874 0.072886892 0.050000001 -0.0056212363 0.040109839 0.333 
37.400002 -0.42588583 0.069208227 0.050000001 -0.0055483771 0.03794191 0.333 
37.450001 -0.42679682 0.065705732 0.050000001 -0.0054851505 0.035902031 0.333 
37.5 -0.42759049 0.062372863 0.050000001 -0.0054306495 0.033981923 0.333 
37.549999 -0.42827505 0.059203051 0.050000001 -0.0053840731 0.032173891 0.333 
37.599998 -0.42885819 0.056189742 0.050000001 -0.0053447108 0.030470775 0.333 
37.650002 -0.42934707 0.05332645 0.050000001 -0.005311931 0.028865919 0.333 
37.700001 -0.42974842 0.050606776 0.050000001 -0.0052851709 0.027353125 0.333 
37.75 -0.43006846 0.048024446 0.050000001 -0.0052639251 0.025926623 0.333 
37.799999 -0.43031314 0.045573313 0.050000001 -0.0052477415 0.024581047 0.333 
37.849998 -0.4304879 0.043247391 0.050000001 -0.0052362112 0.02331139 0.333 
37.900002 -0.43059793 0.041040871 0.050000001 -0.0052289669 0.022112992 0.333 
37.950001 -0.43064797 0.038948111 0.050000001 -0.0052256742 0.020981506 0.333 
38 -0.43064255 0.036963668 0.050000001 -0.0052260305 0.019912878 0.333 
38.049999 -0.43058589 0.035082284 0.050000001 -0.005229759 0.018903326 0.333 
38.099998 -0.43048188 0.033298906 0.050000001 -0.0052366084 0.017949317 0.333 
38.150002 -0.43033424 0.031608671 0.050000001 -0.0052463477 0.017047552 0.333 
38.200001 -0.4301464 0.030006915 0.050000001 -0.0052587651 0.016194949 0.333 
38.25 -0.42992157 0.028489172 0.050000001 -0.0052736653 0.015388622 0.333 
38.299999 -0.42966279 0.027051171 0.050000001 -0.0052908682 0.014625876 0.333 
38.349998 -0.42937285 0.025688825 0.050000001 -0.0053102085 0.013904188 0.333 
38.400002 -0.42905438 0.024398239 0.050000001 -0.0053315316 0.013221191 0.333 
38.450001 -0.42870989 0.023175694 0.050000001 -0.0053546946 0.012574674 0.333 
38.5 -0.42834163 0.02201765 0.050000001 -0.0053795646 0.011962557 0.333 
38.549999 -0.42795181 0.020920735 0.050000001 -0.0054060174 0.011382896 0.333 
38.599998 -0.42754239 0.019881744 0.050000001 -0.0054339375 0.010833865 0.333 
38.650002 -0.42711529 0.018897627 0.050000001 -0.0054632169 0.010313747 0.333 
38.700001 -0.42667225 0.01796549 0.050000001 -0.0054937541 0.0098209344 0.333 
38.75 -0.4262149 0.017082581 0.050000001 -0.0055254535 0.0093539124 0.333 
38.799999 -0.42574483 0.016246295 0.050000001 -0.0055582263 0.0089112604 0.333 
38.849998 -0.42526343 0.015454153 0.050000001 -0.0055919881 0.0084916418 0.333 
38.900002 -0.42477205 0.014703809 0.050000001 -0.0056266598 0.0080937985 0.333 
38.950001 -0.42427194 0.013993038 0.050000001 -0.0056621665 0.0077165463 0.333 
39 -0.42376429 0.013319732 0.050000001 -0.0056984383 0.0073587717 0.333 
39.049999 -0.42325011 0.012681894 0.050000001 -0.0057354076 0.0070194253 0.333 
39.099998 -0.42273051 0.012077632 0.050000001 -0.0057730121 0.0066975183 0.333 
39.150002 -0.42220634 0.011505157 0.050000001 -0.0058111916 0.006392119 0.333 
39.200001 -0.42167854 0.010962771 0.050000001 -0.0058498899 0.0061023487 0.333 
39.25 -0.42114794 0.010448871 0.050000001 -0.0058890539 0.0058273785 0.333 
39.299999 -0.42061523 0.0099619376 0.050000001 -0.0059286319 0.0055664275 0.333 
39.349998 -0.42008117 0.0095005352 0.050000001 -0.0059685768 0.0053187571 0.333 
39.400002 -0.4195464 0.0090633025 0.050000001 -0.006008842 0.0050836713 0.333 
39.450001 -0.41901153 0.0086489534 0.050000001 -0.0060493844 0.0048605124 0.333 
39.5 -0.41847712 0.0082562724 0.050000001 -0.0060901628 0.0046486594 0.333 
39.549999 -0.41794369 0.0078841075 0.050000001 -0.0061311382 0.0044475244 0.333 
39.599998 -0.41741171 0.00753137 0.050000001 -0.0061722733 0.0042565535 0.333 
39.650002 -0.41688168 0.0071970299 0.050000001 -0.0062135332 0.0040752222 0.333 
39.700001 -0.41635394 0.0068801129 0.050000001 -0.0062548839 0.0039030337 0.333 
39.75 -0.41582891 0.0065796976 0.050000001 -0.0062962943 0.0037395195 0.333 
39.799999 -0.41530693 0.0062949122 0.050000001 -0.0063377335 0.0035842357 0.333 
39.849998 -0.41478834 0.0060249325 0.050000001 -0.0063791731 0.0034367621 0.333 
39.900002 -0.41427338 0.005768978 0.050000001 -0.0064205858 0.0032967015 0.333 
39.950001 -0.41376236 0.0055263117 0.050000001 -0.0064619463 0.0031636769 0.333 
40 -0.41325551 0.0052962354 0.050000001 -0.0065032295 0.0030373326 0.333 
40.049999 -0.41275305 0.005078088 0.050000001 -0.006544413 0.0029173305 0.333 
40.099998 -0.4122552 0.004871245 0.050000001 -0.0065854746 0.0028033508 0.333 
40.150002 -0.41176215 0.0046751159 0.050000001 -0.0066263932 0.0026950908 0.333 
40.200001 -0.41127402 0.0044891406 0.050000001 -0.0066671497 0.002592263 0.333 
40.25 -0.41079101 0.0043127895 0.050000001 -0.0067077256 0.002494595 0.333 
40.299999 -0.41031319 0.0041455622 0.050000001 -0.0067481031 0.0024018292 0.333 
40.349998 -0.40984073 0.0039869836 0.050000001 -0.0067882659 0.0023137205 0.333 
40.400002 -0.40937373 0.0038366057 0.050000001 -0.0068281987 0.0022300368 0.333 
40.450001 -0.40891227 0.003694003 0.050000001 -0.0068678865 0.0021505579 0.333 
40.5 -0.40845641 0.0035587733 0.050000001 -0.0069073164 0.0020750749 0.333 
40.549999 -0.40800625 0.0034305356 0.050000001 -0.0069464743 0.0020033899 0.333 
40.599998 -0.40756181 0.003308929 0.050000001 -0.0069853491 0.0019353145 0.333 
40.650002 -0.40712318 0.0031936122 0.050000001 -0.0070239296 0.0018706701 0.333 
40.700001 -0.40669033 0.0030842614 0.050000001 -0.0070622051 0.0018092874 0.333 
40.75 -0.40626335 0.0029805701 0.050000001 -0.0071001654 0.0017510053 0.333 
40.799999 -0.40584227 0.0028822478 0.050000001 -0.007137802 0.001695671 0.333 
40.849998 -0.40542704 0.0027890196 0.050000001 -0.0071751061 0.0016431395 0.333 
40.900002 -0.4050177 0.002700625 0.050000001 -0.0072120703 0.001593273 0.333 
40.950001 -0.40461427 0.0026168164 0.050000001 -0.0072486871 0.0015459404 0.333 
41 -0.40421674 0.0025373602 0.050000001 -0.00728495 0.0015010175 0.333 
41.049999 -0.40382504 0.0024620343 0.050000001 -0.007320853 0.0014583858 0.333 
41.099998 -0.40343922 0.0023906284 0.050000001 -0.0073563904 0.0014179333 0.333 
41.150002 -0.40305921 0.0023229432 0.050000001 -0.0073915576 0.001379553 0.333 
41.200001 -0.40268505 0.0022587893 0.050000001 -0.0074263499 0.0013431436 0.333 
41.25 -0.40231663 0.0021979876 0.050000001 -0.0074607637 0.0013086087 0.333 
41.299999 -0.401954 0.0021403683 0.050000001 -0.0074947951 0.0012758565 0.333 
41.349998 -0.40159705 0.0020857698 0.050000001 -0.007528441 0.0012447998 0.333 
41.400002 -0.40124574 0.0020340395 0.050000001 -0.0075616986 0.0012153558 0.333 
41.450001 -0.4009001 0.0019850319 0.050000001 -0.0075945654 0.0011874457 0.333 
41.5 -0.40056002 0.0019386095 0.050000001 -0.0076270401 0.0011609944 0.333 
41.549999 -0.40022549 0.0018946418 0.050000001 -0.007659121 0.0011359307 0.333 
41.599998 -0.39989641 0.0018530048 0.050000001 -0.0076908069 0.0011121867 0.333 
41.650002 -0.39957279 0.0018135807 0.050000001 -0.0077220961 0.0010896981 0.333 
41.700001 -0.39925453 0.0017762582 0.050000001 -0.007752989 0.0010684032 0.333 
41.75 -0.39894158 0.0017409311 0.050000001 -0.0077834851 0.001048244 0.333 
41.799999 -0.3986339 0.0017074989 0.050000001 -0.0078135841 0.0010291645 0.333 
41.849998 -0.39833143 0.0016758661 0.050000001 -0.0078432858 0.0010111122 0.333 
41.900002 -0.3980341 0.0016459419 0.050000001 -0.0078725917 0.00099403667 0.333 
41.950001 -0.39774182 0.0016176405 0.050000001 -0.0079015028 0.0009778901 0.333 
42 -0.39745462 0.0015908799 0.050000001 -0.0079300189 0.00096262677 0.333 
42.049999 -0.39717236 0.0015655826 0.050000001 -0.0079581421 0.00094820344 0.333 
42.099998 -0.39689499 0.0015416748 0.050000001 -0.0079858731 0.00093457877 0.333 
42.150002 -0.39662245 0.0015190867 0.050000001 -0.0080132149 0.0009217136 0.333 
42.200001 -0.39635468 0.0014977515 0.050000001 -0.0080401674 0.00090957037 0.333 
42.25 -0.39609164 0.0014776059 0.050000001 -0.0080667334 0.00089811365 0.333 
42.299999 -0.39583322 0.0014585903 0.050000001 -0.0080929156 0.00088730938 0.333 
42.349998 -0.3955794 0.0014406473 0.050000001 -0.0081187161 0.00087712542 0.333 
42.400002 -0.39533007 0.0014237228 0.050000001 -0.0081441365 0.00086753105 0.333 
42.450001 -0.39508522 0.0014077654 0.050000001 -0.0081691798 0.00085849699 0.333 
42.5 -0.39484471 0.0013927261 0.050000001 -0.0081938487 0.00084999541 0.333 
42.549999 -0.39460856 0.0013785583 0.050000001 -0.0082181459 0.00084199978 0.333 
42.599998 -0.39437667 0.001365218 0.050000001 -0.0082420753 0.00083448493 0.333 
42.650002 -0.39414895 0.0013526629 0.050000001 -0.0082656387 0.00082742673 0.333 
42.700001 -0.39392537 0.0013408534 0.050000001 -0.0082888398 0.00082080241 0.333 
42.75 -0.39370584 0.0013297513 0.050000001 -0.0083116814 0.00081459008 0.333 
42.799999 -0.39349034 0.0013193206 0.050000001 -0.0083341673 0.00080876902 0.333 
42.849998 -0.39327878 0.0013095271 0.050000001 -0.0083563002 0.0008033195 0.333 
42.900002 -0.39307109 0.0013003381 0.050000001 -0.0083780838 0.00079822273 0.333 
42.950001 -0.39286721 0.0012917226 0.050000001 -0.0083995219 0.00079346076 0.333 
43 -0.39266711 0.0012836512 0.050000001 -0.0084206183 0.00078901649 0.333 
43.049999 -0.39247069 0.0012760959 0.050000001 -0.0084413756 0.00078487379 0.333 
43.099998 -0.3922779 0.0012690299 0.050000001 -0.0084617976 0.00078101712 0.333 
43.150002 -0.39208868 0.0012624281 0.050000001 -0.008481889 0.00077743182 0.333 
43.200001 -0.39190298 0.0012562663 0.050000001 -0.0085016526 0.00077410374 0.333 
43.25 -0.39172077 0.0012505216 0.050000001 -0.0085210921 0.00077101972 0.333 
43.299999 -0.39154193 0.0012451723 0.050000001 -0.0085402122 0.00076816691 0.333 
43.349998 -0.39136645 0.0012401977 0.050000001 -0.0085590156 0.00076553324 0.333 
43.400002 -0.39119425 0.001235578 0.050000001 -0.008577507 0.00076310721 0.333 
43.450001 -0.39102527 0.0012312946 0.050000001 -0.0085956892 0.00076087785 0.333 
43.5 -0.39085948 0.0012273297 0.050000001 -0.0086135669 0.00075883471 0.333 
43.549999 -0.39069679 0.0012236665 0.050000001 -0.0086311437 0.00075696787 0.333 
43.599998 -0.3905372 0.0012202887 0.050000001 -0.0086484244 0.00075526792 0.333 
43.650002 -0.39038062 0.0012171811 0.050000001 -0.0086654108 0.0007537257 0.333 
43.700001 -0.39022699 0.0012143292 0.050000001 -0.0086821085 0.00075233279 0.333 
43.75 -0.39007628 0.0012117191 0.050000001 -0.0086985212 0.00075108098 0.333 
43.799999 -0.3899284 0.0012093377 0.050000001 -0.0087146517 0.00074996252 0.333 
43.849998 -0.38978335 0.0012071725 0.050000001 -0.0087305056 0.00074897002 0.333 
43.900002 -0.38964108 0.0012052117 0.050000001 -0.0087460848 0.00074809644 0.333 
43.950001 -0.38950148 0.0012034439 0.050000001 -0.0087613938 0.00074733509 0.333 
44 -0.38936457 0.0012018584 0.050000001 -0.0087764366 0.00074667961 0.333 
44.049999 -0.38923028 0.0012004451 0.050000001 -0.0087912176 0.00074612396 0.333 
44.099998 -0.38909853 0.0011991941 0.050000001 -0.0088057397 0.00074566243 0.333 
44.150002 -0.38896933 0.0011980963 0.050000001 -0.0088200066 0.00074528944 0.333 
44.200001 -0.38884258 0.0011971431 0.050000001 -0.008834023 0.00074499985 0.333 
44.25 -0.38871828 0.0011963259 0.050000001 -0.0088477917 0.00074478873 0.333 
44.299999 -0.38859636 0.0011956369 0.050000001 -0.0088613164 0.00074465136 0.333 
44.349998 -0.38847679 0.0011950686 0.050000001 -0.0088746008 0.00074458326 0.333 
44.400002 -0.38835952 0.0011946139 0.050000001 -0.0088876495 0.00074458017 0.333 
44.450001 -0.38824448 0.001194266 0.050000001 -0.0089004654 0.00074463803 0.333 
44.5 -0.38813168 0.0011940184 0.050000001 -0.0089130513 0.00074475305 0.333 
44.549999 -0.38802105 0.0011938651 0.050000001 -0.0089254119 0.0007449215 0.333 
44.599998 -0.38791257 0.0011938001 0.050000001 -0.0089375507 0.00074514002 0.333 
44.650002 -0.38780618 0.0011938181 0.050000001 -0.0089494698 0.00074540527 0.333 
44.700001 -0.38770184 0.0011939136 0.050000001 -0.0089611746 0.00074571406 0.333 
44.75 -0.38759953 0.001194082 0.050000001 -0.0089726672 0.00074606354 0.333 
44.799999 -0.38749918 0.0011943183 0.050000001 -0.0089839511 0.00074645085 0.333 
44.849998 -0.38740081 0.0011946181 0.050000001 -0.0089950301 0.00074687327 0.333 
44.900002 -0.38730434 0.0011949771 0.050000001 -0.009005907 0.00074732833 0.333 
44.950001 -0.38720971 0.0011953913 0.050000001 -0.0090165855 0.00074781355 0.333 
45 -0.38711694 0.001195857 0.050000001 -0.0090270685 0.00074832671 0.333 
45.049999 -0.38702598 0.0011963703 0.050000001 -0.0090373596 0.00074886566 0.333 
45.099998 -0.38693678 0.0011969281 0.050000001 -0.0090474626 0.00074942829 0.333 
45.150002 -0.38684934 0.0011975269 0.050000001 -0.0090573784 0.0007500127 0.333 
45.200001 -0.38676357 0.0011981637 0.050000001 -0.0090671126 0.00075061707 0.333 
45.25 -0.3866795 0.0011988357 0.050000001 -0.0090766661 0.0007512396 0.333 
45.299999 -0.38659704 0.0011995399 0.050000001 -0.0090860436 0.00075187866 0.333 
45.349998 -0.38651621 0.0012002737 0.050000001 -0.0090952478 0.00075253268 0.333 
45.400002 -0.38643697 0.0012010348 0.050000001 -0.0091042807 0.00075320026 0.333 
45.450001 -0.38635924 0.0012018207 0.050000001 -0.0091131451 0.0007538799 0.333 
45.5 -0.38628307 0.0012026292 0.050000001 -0.0091218455 0.0007545703 0.333 
45.549999 -0.38620836 0.0012034582 0.050000001 -0.0091303838 0.00075527024 0.333 
45.599998 -0.38613513 0.0012043058 0.050000001 -0.009138762 0.00075597857 0.333 
45.650002 -0.38606331 0.0012051699 0.050000001 -0.0091469847 0.00075669412 0.333 
45.700001 -0.38599291 0.001206049 0.050000001 -0.0091550527 0.0007574159 0.333 
45.75 -0.38592389 0.0012069413 0.050000001 -0.009162969 0.00075814285 0.333 
45.799999 -0.38585624 0.0012078452 0.050000001 -0.0091707371 0.00075887406 0.333 
45.849998 -0.3857899 0.0012087591 0.050000001 -0.00917836 0.00075960869 0.333 
45.900002 -0.38572484 0.0012096819 0.050000001 -0.0091858385 0.00076034589 0.333 
45.950001 -0.3856611 0.0012106119 0.050000001 -0.0091931764 0.00076108484 0.333 
46 -0.38559857 0.0012115481 0.050000001 -0.0092003755 0.00076182489 0.333 
46.049999 -0.3855373 0.0012124892 0.050000001 -0.0092074396 0.00076256529 0.333 
46.099998 -0.38547722 0.0012134342 0.050000001 -0.0092143686 0.0007633054 0.333 
46.150002 -0.38541833 0.001214382 0.050000001 -0.0092211673 0.00076404464 0.333 
46.200001 -0.38536057 0.0012153316 0.050000001 -0.0092278374 0.00076478242 0.333 
46.25 -0.38530397 0.001216282 0.050000001 -0.0092343809 0.00076551829 0.333 
46.299999 -0.38524848 0.0012172326 0.050000001 -0.0092407996 0.00076625159 0.333 
46.349998 -0.38519409 0.0012181824 0.050000001 -0.0092470963 0.00076698198 0.333 
46.400002 -0.38514078 0.0012191306 0.050000001 -0.0092532737 0.00076770905 0.333 
46.450001 -0.3850885 0.0012200766 0.050000001 -0.0092593329 0.00076843228 0.333 
46.5 -0.38503724 0.0012210195 0.050000001 -0.0092652766 0.00076915137 0.333 
46.549999 -0.384987 0.0012219591 0.050000001 -0.0092711067 0.00076986599 0.333 
46.599998 -0.38493776 0.0012228945 0.050000001 -0.009276825 0.00077057577 0.333 
46.650002 -0.38488948 0.0012238253 0.050000001 -0.0092824344 0.00077128044 0.333 
46.700001 -0.38484216 0.001224751 0.050000001 -0.0092879366 0.00077197968 0.333 
46.75 -0.38479578 0.0012256709 0.050000001 -0.0092933336 0.00077267335 0.333 
46.799999 -0.38475031 0.0012265849 0.050000001 -0.0092986263 0.00077336107 0.333 
46.849998 -0.38470572 0.0012274925 0.050000001 -0.0093038175 0.00077404268 0.333 
46.900002 -0.38466203 0.0012283932 0.050000001 -0.00930891 0.00077471801 0.333 
46.950001 -0.38461921 0.0012292867 0.050000001 -0.0093139037 0.00077538681 0.333 
47 -0.38457721 0.0012301728 0.050000001 -0.0093188016 0.00077604904 0.333 
47.049999 -0.38453606 0.0012310511 0.050000001 -0.0093236044 0.00077670446 0.333 
47.099998 -0.38449574 0.0012319214 0.050000001 -0.009328316 0.00077735295 0.333 
47.150002 -0.38445619 0.0012327834 0.050000001 -0.0093329353 0.0007779944 0.333 
47.200001 -0.38441741 0.001233637 0.050000001 -0.0093374662 0.00077862869 0.333 
47.25 -0.38437942 0.0012344818 0.050000001 -0.0093419105 0.00077925576 0.333 
47.299999 -0.38434216 0.0012353179 0.050000001 -0.0093462672 0.0007798755 0.333 
47.349998 -0.38430566 0.0012361448 0.050000001 -0.009350541 0.00078048784 0.333 
47.400002 -0.38426989 0.0012369626 0.050000001 -0.0093547311 0.00078109273 0.333 
47.450001 -0.38423482 0.0012377712 0.050000001 -0.009358841 0.00078169012 0.333 
47.5 -0.38420042 0.0012385703 0.050000001 -0.0093628708 0.00078228 0.333 
47.549999 -0.38416672 0.0012393601 0.050000001 -0.0093668224 0.00078286231 0.333 
47.599998 -0.3841337 0.0012401401 0.050000001 -0.0093706977 0.00078343699 0.333 
47.650002 -0.3841013 0.0012409105 0.050000001 -0.0093744975 0.00078400405 0.333 
47.700001 -0.38406956 0.0012416713 0.050000001 -0.0093782227 0.00078456348 0.333 
47.75 -0.38403845 0.0012424223 0.050000001 -0.0093818773 0.00078511535 0.333 
47.799999 -0.38400796 0.0012431635 0.050000001 -0.0093854591 0.00078565953 0.333 
47.849998 -0.38397807 0.0012438949 0.050000001 -0.0093889721 0.00078619615 0.333 
47.900002 -0.38394877 0.0012446166 0.050000001 -0.009392417 0.0007867252 0.333 
47.950001 -0.38392007 0.0012453283 0.050000001 -0.009395794 0.00078724662 0.333 
48 -0.38389191 0.0012460303 0.050000001 -0.0093991058 0.00078776054 0.333 
48.049999 -0.38386431 0.0012467225 0.050000001 -0.0094023524 0.00078826695 0.333 
48.099998 -0.38383728 0.001247405 0.050000001 -0.0094055366 0.00078876584 0.333 
48.150002 -0.38381079 0.0012480776 0.050000001 -0.0094086584 0.00078925735 0.333 
48.200001 -0.3837848 0.0012487406 0.050000001 -0.0094117187 0.00078974146 0.333 
48.25 -0.38375935 0.0012493938 0.050000001 -0.0094147194 0.00079021824 0.333 
48.299999 -0.38373438 0.0012500375 0.050000001 -0.0094176615 0.00079068774 0.333 
48.349998 -0.38370991 0.0012506715 0.050000001 -0.0094205467 0.00079114997 0.333 
48.400002 -0.38368595 0.001251296 0.050000001 -0.0094233751 0.00079160504 0.333 
48.450001 -0.38366243 0.001251911 0.050000001 -0.0094261477 0.00079205295 0.333 
48.5 -0.3836394 0.0012525166 0.050000001 -0.0094288671 0.00079249381 0.333 
48.549999 -0.38361683 0.0012531129 0.050000001 -0.0094315326 0.00079292769 0.333 
48.599998 -0.38359469 0.0012537 0.050000001 -0.0094341459 0.00079335464 0.333 
48.650002 -0.38357303 0.0012542779 0.050000001 -0.0094367079 0.00079377473 0.333 
48.700001 -0.38355175 0.0012548466 0.050000001 -0.0094392197 0.000794188 0.333 
48.75 -0.38353091 0.0012554063 0.050000001 -0.0094416821 0.00079459453 0.333 
48.799999 -0.3835105 0.0012559571 0.050000001 -0.0094440961 0.00079499441 0.333 
48.849998 -0.38349047 0.001256499 0.050000001 -0.0094464635 0.00079538778 0.333 
48.900002 -0.38347086 0.001257032 0.050000001 -0.0094487835 0.00079577457 0.333 
48.950001 -0.38345164 0.0012575565 0.050000001 -0.0094510587 0.00079615496 0.333 
49 -0.38343278 0.0012580724 0.050000001 -0.0094532883 0.00079652894 0.333 
49.049999 -0.38341433 0.0012585798 0.050000001 -0.009455475 0.00079689664 0.333 
49.099998 -0.38339621 0.0012590787 0.050000001 -0.009457618 0.00079725817 0.333 
49.150002 -0.38337848 0.0012595694 0.050000001 -0.00945972 0.00079761358 0.333 
49.200001 -0.38336107 0.0012600519 0.050000001 -0.0094617791 0.00079796294 0.333 
49.25 -0.38334402 0.0012605262 0.050000001 -0.0094637992 0.00079830631 0.333 
49.299999 -0.38332734 0.0012609925 0.050000001 -0.0094657782 0.00079864374 0.333 
49.349998 -0.38331094 0.0012614509 0.050000001 -0.0094677191 0.00079897541 0.333 
49.400002 -0.38329491 0.0012619016 0.050000001 -0.0094696218 0.00079930131 0.333 
49.450001 -0.38327917 0.0012623445 0.050000001 -0.0094714863 0.00079962157 0.333 
49.5 -0.38326377 0.0012627798 0.050000001 -0.0094733145 0.00079993624 0.333 
49.549999 -0.38324866 0.0012632076 0.050000001 -0.0094751073 0.00080024544 0.333 
49.599998 -0.38323385 0.001263628 0.050000001 -0.0094768638 0.00080054917 0.333 
49.650002 -0.38321933 0.0012640411 0.050000001 -0.0094785867 0.0008008476 0.333 
49.700001 -0.38320509 0.0012644469 0.050000001 -0.0094802743 0.00080114068 0.333 
49.75 -0.38319114 0.0012648457 0.050000001 -0.0094819292 0.00080142863 0.333 
49.799999 -0.38317749 0.0012652375 0.050000001 -0.0094835516 0.00080171146 0.333 
49.849998 -0.38316408 0.0012656223 0.050000001 -0.0094851423 0.00080198923 0.333 
49.900002 -0.38315096 0.0012660004 0.050000001 -0.0094867013 0.00080226205 0.333 
49.950001 -0.38313809 0.0012663718 0.050000001 -0.0094882296 0.00080252992 0.333 
50 -0.38312548 0.0012667365 0.050000001 -0.0094897272 0.00080279307 0.333 
50.049999 -0.38311312 0.0012670947 0.050000001 -0.0094911959 0.0008030514 0.333 
50.099998 -0.38310102 0.0012674467 0.050000001 -0.0094926348 0.00080330513 0.333 
50.150002 -0.38308913 0.0012677922 0.050000001 -0.0094940457 0.0008035542 0.333 
50.200001 -0.3830775 0.0012681315 0.050000001 -0.0094954288 0.00080379879 0.333 
50.25 -0.38306609 0.0012684647 0.050000001 -0.0094967848 0.00080403895 0.333 
50.299999 -0.38305491 0.0012687918 0.050000001 -0.0094981138 0.00080427469 0.333 
50.349998 -0.38304397 0.0012691132 0.050000001 -0.0094994167 0.00080450613 0.333 
50.400002 -0.38303325 0.0012694285 0.050000001 -0.0095006935 0.00080473331 0.333 
50.450001 -0.3830227 0.0012697382 0.050000001 -0.0095019452 0.00080495636 0.333 
50.5 -0.38301238 0.0012700423 0.050000001 -0.0095031718 0.00080517528 0.333 
50.549999 -0.38300228 0.0012703408 0.050000001 -0.0095043741 0.00080539018 0.333 
50.599998 -0.38299239 0.0012706338 0.050000001 -0.0095055532 0.00080560113 0.333 
50.650002 -0.38298267 0.0012709213 0.050000001 -0.009506708 0.00080580817 0.333 
50.700001 -0.38297316 0.0012712036 0.050000001 -0.0095078414 0.00080601138 0.333 
50.75 -0.38296384 0.0012714808 0.050000001 -0.0095089506 0.0008062108 0.333 
50.799999 -0.38295469 0.0012717528 0.050000001 -0.0095100394 0.00080640655 0.333 
50.849998 -0.38294575 0.0012720198 0.050000001 -0.0095111057 0.00080659857 0.333 
50.900002 -0.38293695 0.0012722817 0.050000001 -0.0095121516 0.00080678711 0.333 
50.950001 -0.38292834 0.0012725389 0.050000001 -0.009513176 0.00080697209 0.333 
51 -0.38291991 0.0012727913 0.050000001 -0.00951418 0.00080715358 0.333 
51.049999 -0.38291165 0.001273039 0.050000001 -0.0095151654 0.0008073317 0.333 
51.099998 -0.38290355 0.0012732821 0.050000001 -0.0095161302 0.00080750644 0.333 
51.150002 -0.38289562 0.0012735205 0.050000001 -0.0095170755 0.00080767792 0.333 
51.200001 -0.38288781 0.0012737546 0.050000001 -0.0095180031 0.0008078462 0.333 
51.25 -0.38288021 0.0012739843 0.050000001 -0.0095189121 0.00080801127 0.333 
51.299999 -0.38287273 0.0012742096 0.050000001 -0.0095198024 0.00080817327 0.333 
51.349998 -0.3828654 0.0012744308 0.050000001 -0.0095206751 0.00080833217 0.333 
51.400002 -0.38285822 0.0012746477 0.050000001 -0.0095215309 0.00080848805 0.333 
51.450001 -0.38285118 0.0012748606 0.050000001 -0.0095223701 0.00080864102 0.333 
51.5 -0.3828443 0.0012750694 0.050000001 -0.0095231924 0.00080879108 0.333 
51.549999 -0.38283753 0.0012752743 0.050000001 -0.009523998 0.00080893829 0.333 
51.599998 -0.38283089 0.0012754753 0.050000001 -0.0095247878 0.0008090827 0.333 
51.650002 -0.38282442 0.0012756725 0.050000001 -0.0095255617 0.00080922432 0.333 
51.700001 -0.38281804 0.0012758659 0.050000001 -0.0095263207 0.00080936332 0.333 
51.75 -0.38281181 0.0012760557 0.050000001 -0.0095270639 0.00080949959 0.333 
51.799999 -0.38280571 0.001276242 0.050000001 -0.0095277932 0.00080963335 0.333 
51.849998 -0.38279971 0.0012764245 0.050000001 -0.0095285075 0.00080976449 0.333 
51.900002 -0.38279384 0.0012766037 0.050000001 -0.0095292078 0.00080989313 0.333 
51.950001 -0.38278809 0.0012767795 0.050000001 -0.0095298942 0.00081001932 0.333 
52 -0.38278246 0.0012769519 0.050000001 -0.0095305666 0.00081014307 0.333 
52.049999 -0.38277692 0.0012771209 0.050000001 -0.009531226 0.00081026444 0.333 
52.099998 -0.38277149 0.0012772868 0.050000001 -0.0095318723 0.00081038353 0.333 
52.150002 -0.38276619 0.0012774494 0.050000001 -0.0095325066 0.00081050029 0.333 
52.200001 -0.382761 0.001277609 0.050000001 -0.0095331268 0.00081061485 0.333 
52.25 -0.38275591 0.0012777655 0.050000001 -0.0095337359 0.00081072713 0.333 
52.299999 -0.3827509 0.0012779189 0.050000001 -0.009534332 0.00081083731 0.333 
52.349998 -0.38274601 0.0012780696 0.050000001 -0.0095349168 0.00081094535 0.333 
52.400002 -0.38274121 0.0012782172 0.050000001 -0.0095354896 0.00081105129 0.333 
52.450001 -0.3827365 0.001278362 0.050000001 -0.0095360512 0.00081115519 0.333 
52.5 -0.38273188 0.001278504 0.050000001 -0.0095366016 0.00081125711 0.333 
52.549999 -0.38272735 0.0012786433 0.050000001 -0.0095371408 0.00081135705 0.333 
52.599998 -0.38272294 0.0012787798 0.050000001 -0.0095376698 0.00081145501 0.333 
52.650002 -0.38271859 0.0012789138 0.050000001 -0.0095381876 0.00081155112 0.333 
52.700001 -0.38271433 0.0012790451 0.050000001 -0.0095386961 0.00081164535 0.333 
52.75 -0.38271016 0.001279174 0.050000001 -0.0095391935 0.00081173779 0.333 
52.799999 -0.38270608 0.0012793003 0.050000001 -0.0095396815 0.00081182842 0.333 
52.849998 -0.38270208 0.0012794242 0.050000001 -0.0095401593 0.00081191724 0.333 
52.900002 -0.38269815 0.0012795457 0.050000001 -0.0095406286 0.00081200438 0.333 
52.950001 -0.3826943 0.0012796648 0.050000001 -0.0095410878 0.00081208983 0.333 
53 -0.38269055 0.0012797816 0.050000001 -0.0095415376 0.00081217359 0.333 
53.049999 -0.38268685 0.0012798961 0.050000001 -0.0095419791 0.00081225578 0.333 
53.099998 -0.38268322 0.0012800085 0.050000001 -0.0095424121 0.00081233634 0.333 
53.150002 -0.38267967 0.0012801186 0.050000001 -0.0095428359 0.00081241527 0.333 
53.200001 -0.38267621 0.0012802266 0.050000001 -0.0095432512 0.00081249274 0.333 
53.25 -0.38267279 0.0012803324 0.050000001 -0.0095436582 0.00081256864 0.333 
53.299999 -0.38266945 0.0012804363 0.050000001 -0.0095440578 0.00081264309 0.333 
53.349998 -0.38266617 0.0012805382 0.050000001 -0.0095444489 0.00081271614 0.333 
53.400002 -0.38266298 0.0012806379 0.050000001 -0.0095448317 0.00081278768 0.333 
53.450001 -0.38265982 0.0012807358 0.050000001 -0.009545208 0.00081285788 0.333 
53.5 -0.38265675 0.0012808318 0.050000001 -0.0095455758 0.00081292668 0.333 
53.549999 -0.38265371 0.0012809259 0.050000001 -0.0095459372 0.00081299414 0.333 
53.599998 -0.38265076 0.0012810181 0.050000001 -0.0095462911 0.00081306027 0.333 
53.650002 -0.38264787 0.0012811086 0.050000001 -0.0095466375 0.00081312511 0.333 
53.700001 -0.38264501 0.0012811973 0.050000001 -0.0095469775 0.00081318867 0.333 
53.75 -0.38264224 0.0012812843 0.050000001 -0.0095473099 0.00081325101 0.333 
53.799999 -0.3826395 0.0012813695 0.050000001 -0.0095476368 0.00081331213 0.333 
53.849998 -0.38263682 0.0012814531 0.050000001 -0.0095479563 0.00081337203 0.333 
53.900002 -0.38263419 0.001281535 0.050000001 -0.0095482701 0.00081343076 0.333 
53.950001 -0.38263163 0.0012816153 0.050000001 -0.0095485775 0.00081348838 0.333 
54 -0.3826291 0.0012816942 0.050000001 -0.0095488783 0.00081354484 0.333 
54.049999 -0.38262665 0.0012817713 0.050000001 -0.0095491735 0.00081360014 0.333 
54.099998 -0.38262421 0.001281847 0.050000001 -0.0095494632 0.00081365445 0.333 
54.150002 -0.38262185 0.0012819213 0.050000001 -0.0095497463 0.00081370759 0.333 
54.200001 -0.38261953 0.001281994 0.050000001 -0.0095500248 0.00081375975 0.333 
54.25 -0.38261724 0.0012820654 0.050000001 -0.0095502967 0.00081381091 0.333 
54.299999 -0.382615 0.0012821354 0.050000001 -0.009550564 0.00081386103 0.333 
54.349998 -0.38261282 0.0012822038 0.050000001 -0.0095508257 0.00081391016 0.333 
54.400002 -0.38261068 0.0012822711 0.050000001 -0.0095510818 0.00081395829 0.333 
54.450001 -0.38260856 0.001282337 0.050000001 -0.0095513333 0.0008140055 0.333 
54.5 -0.38260651 0.0012824016 0.050000001 -0.0095515791 0.00081405183 0.333 
54.549999 -0.38260451 0.0012824649 0.050000001 -0.0095518213 0.00081409718 0.333 
54.599998 -0.38260251 0.001282527 0.050000001 -0.0095520578 0.00081414165 0.333 
54.650002 -0.38260058 0.0012825879 0.050000001 -0.0095522897 0.0008141853 0.333 
54.700001 -0.38259867 0.0012826475 0.050000001 -0.009552517 0.00081422803 0.333 
54.75 -0.38259682 0.001282706 0.050000001 -0.0095527396 0.00081426994 0.333 
54.799999 -0.382595 0.0012827633 0.050000001 -0.0095529575 0.00081431103 0.333 
54.849998 -0.38259321 0.0012828195 0.050000001 -0.0095531717 0.00081435125 0.333 
54.900002 -0.38259146 0.0012828746 0.050000001 -0.0095533812 0.00081439078 0.333 
54.950001 -0.38258973 0.0012829286 0.050000001 -0.0095535871 0.00081442943 0.333 
55 -0.38258806 0.0012829816 0.050000001 -0.0095537882 0.00081446738 0.333 
55.049999 -0.38258639 0.0012830335 0.050000001 -0.0095539857 0.00081450457 0.333 
55.099998 -0.38258478 0.0012830844 0.050000001 -0.0095541794 0.00081454101 0.333 
55.150002 -0.3825832 0.0012831342 0.050000001 -0.0095543684 0.00081457675 0.333 
55.200001 -0.38258165 0.0012831831 0.050000001 -0.0095545547 0.00081461173 0.333 
55.25 -0.38258013 0.0012832311 0.050000001 -0.0095547363 0.00081464608 0.333 
55.299999 -0.38257861 0.001283278 0.050000001 -0.0095549151 0.00081467972 0.333 
55.349998 -0.38257715 0.0012833241 0.050000001 -0.0095550902 0.00081471272 0.333 
55.400002 -0.38257572 0.0012833691 0.050000001 -0.0095552616 0.00081474503 0.333 
55.450001 -0.38257432 0.0012834134 0.050000001 -0.0095554292 0.00081477675 0.333 
55.5 -0.38257295 0.0012834568 0.050000001 -0.0095555941 0.00081480783 0.333 
55.549999 -0.38257161 0.0012834993 0.050000001 -0.0095557552 0.00081483828 0.333 
55.599998 -0.38257027 0.001283541 0.050000001 -0.0095559135 0.00081486814 0.333 
55.650002 -0.38256899 0.0012835818 0.050000001 -0.009556069 0.00081489736 0.333 
55.700001 -0.3825677 0.0012836219 0.050000001 -0.0095562208 0.00081492605 0.333 
55.75 -0.38256645 0.0012836611 0.050000001 -0.0095563699 0.00081495417 0.333 
55.799999 -0.38256523 0.0012836996 0.050000001 -0.0095565151 0.00081498176 0.333 
55.849998 -0.38256404 0.0012837372 0.050000001 -0.0095566586 0.00081500877 0.333 
55.900002 -0.38256288 0.0012837743 0.050000001 -0.0095567992 0.00081503525 0.333 
55.950001 -0.38256171 0.0012838105 0.050000001 -0.0095569361 0.00081506115 0.333 
56 -0.38256061 0.001283846 0.050000001 -0.0095570711 0.00081508659 0.333 
56.049999 -0.38255951 0.0012838808 0.050000001 -0.0095572025 0.00081511156 0.333 
56.099998 -0.38255841 0.0012839149 0.050000001 -0.0095573319 0.00081513601 0.333 
56.150002 -0.38255736 0.0012839484 0.050000001 -0.0095574586 0.00081515993 0.333 
56.200001 -0.38255632 0.0012839811 0.050000001 -0.0095575834 0.00081518345 0.333 
56.25 -0.38255531 0.0012840133 0.050000001 -0.0095577044 0.00081520644 0.333 
56.299999 -0.38255429 0.0012840448 0.050000001 -0.0095578246 0.00081522897 0.333 
56.349998 -0.38255334 0.0012840757 0.050000001 -0.009557941 0.00081525109 0.333 
56.400002 -0.38255236 0.0012841059 0.050000001 -0.0095580555 0.0008152728 0.333 
56.450001 -0.38255143 0.0012841356 0.050000001 -0.0095581682 0.00081529404 0.333 
56.5 -0.38255051 0.0012841647 0.050000001 -0.0095582781 0.00081531482 0.333 
56.549999 -0.38254961 0.0012841931 0.050000001 -0.0095583862 0.00081533525 0.333 
56.599998 -0.38254872 0.0012842211 0.050000001 -0.0095584923 0.00081535528 0.333 
56.650002 -0.38254786 0.0012842484 0.050000001 -0.0095585957 0.00081537483 0.333 
56.700001 -0.38254702 0.0012842753 0.050000001 -0.0095586972 0.0008153941 0.333 
56.75 -0.38254619 0.0012843016 0.050000001 -0.0095587969 0.0008154129 0.333 
56.799999 -0.38254535 0.0012843274 0.050000001 -0.0095588947 0.00081543135 0.333 
56.849998 -0.38254458 0.0012843526 0.050000001 -0.0095589897 0.00081544946 0.333 
56.900002 -0.38254377 0.0012843774 0.050000001 -0.0095590837 0.00081546721 0.333 
56.950001 -0.382543 0.0012844017 0.050000001 -0.009559175 0.00081548461 0.333 
57 -0.38254225 0.0012844255 0.050000001 -0.0095592653 0.00081550161 0.333 
57.049999 -0.38254154 0.0012844488 0.050000001 -0.0095593538 0.00081551832 0.333 
57.099998 -0.38254079 0.0012844717 0.050000001 -0.0095594404 0.00081553467 0.333 
57.150002 -0.38254011 0.0012844941 0.050000001 -0.0095595252 0.00081555074 0.333 
57.200001 -0.38253939 0.0012845161 0.050000001 -0.0095596081 0.00081556645 0.333 
57.25 -0.38253871 0.0012845376 0.050000001 -0.0095596891 0.00081558188 0.333 
57.299999 -0.38253805 0.0012845587 0.050000001 -0.0095597692 0.00081559696 0.333 
57.349998 -0.38253739 0.0012845793 0.050000001 -0.0095598474 0.0008156118 0.333 
57.400002 -0.38253677 0.0012845995 0.050000001 -0.0095599238 0.00081562629 0.333 
57.450001 -0.38253614 0.0012846194 0.050000001 -0.0095599992 0.00081564049 0.333 
57.5 -0.38253552 0.0012846389 0.050000001 -0.0095600728 0.00081565446 0.333 
57.549999 -0.38253492 0.001284658 0.050000001 -0.0095601445 0.00081566814 0.333 
57.599998 -0.38253433 0.0012846767 0.050000001 -0.0095602153 0.00081568153 0.333 
57.650002 -0.38253373 0.001284695 0.050000001 -0.0095602842 0.00081569463 0.333 
57.700001 -0.38253316 0.001284713 0.050000001 -0.0095603522 0.00081570749 0.333 
57.75 -0.38253263 0.0012847306 0.050000001 -0.0095604192 0.00081572012 0.333 
57.799999 -0.38253206 0.0012847479 0.050000001 -0.0095604844 0.00081573246 0.333 
57.849998 -0.38253155 0.0012847647 0.050000001 -0.0095605478 0.00081574457 0.333 
57.900002 -0.38253102 0.0012847814 0.050000001 -0.0095606111 0.00081575644 0.333 
57.950001 -0.38253051 0.0012847976 0.050000001 -0.0095606726 0.00081576809 0.333 
58 -0.38253 0.0012848135 0.050000001 -0.0095607322 0.00081577949 0.333 
58.049999 -0.3825295 0.0012848291 0.050000001 -0.0095607918 0.00081579067 0.333 
58.099998 -0.38252902 0.0012848445 0.050000001 -0.0095608495 0.00081580161 0.333 
58.150002 -0.38252854 0.0012848594 0.050000001 -0.0095609054 0.00081581238 0.333 
58.200001 -0.3825281 0.0012848742 0.050000001 -0.0095609613 0.00081582286 0.333 
58.25 -0.38252765 0.0012848885 0.050000001 -0.0095610153 0.00081583322 0.333 
58.299999 -0.3825272 0.0012849027 0.050000001 -0.0095610693 0.00081584329 0.333 
58.349998 -0.38252676 0.0012849164 0.050000001 -0.0095611215 0.00081585319 0.333 
58.400002 -0.38252634 0.00128493 0.050000001 -0.0095611727 0.00081586291 0.333 
58.450001 -0.38252589 0.0012849433 0.050000001 -0.009561223 0.00081587245 0.333 
58.5 -0.3825255 0.0012849563 0.050000001 -0.0095612714 0.00081588177 0.333 
58.549999 -0.38252509 0.0012849692 0.050000001 -0.0095613198 0.0008158909 0.333 
58.599998 -0.3825247 0.0012849816 0.050000001 -0.0095613673 0.00081589987 0.333 
58.650002 -0.38252431 0.001284994 0.050000001 -0.0095614139 0.00081590866 0.333 
58.700001 -0.38252392 0.0012850059 0.050000001 -0.0095614586 0.00081591727 0.333 
58.75 -0.38252357 0.0012850177 0.050000001 -0.0095615033 0.00081592571 0.333 
58.799999 -0.38252321 0.0012850292 0.050000001 -0.0095615471 0.00081593398 0.333 
58.849998 -0.38252285 0.0012850405 0.050000001 -0.0095615899 0.00081594207 0.333 
58.900002 -0.38252249 0.0012850517 0.050000001 -0.0095616318 0.00081594998 0.333 
58.950001 -0.38252214 0.0012850625 0.050000001 -0.0095616728 0.00081595778 0.333 
59 -0.38252181 0.0012850732 0.050000001 -0.0095617129 0.00081596541 0.333 
59.049999 -0.38252148 0.0012850836 0.050000001 -0.009561752 0.00081597292 0.333 
59.099998 -0.38252115 0.0012850938 0.050000001 -0.0095617911 0.00081598019 0.333 
59.150002 -0.38252085 0.0012851038 0.050000001 -0.0095618283 0.00081598741 0.333 
59.200001 -0.38252053 0.0012851137 0.050000001 -0.0095618656 0.00081599446 0.333 
59.25 -0.38252023 0.0012851234 0.050000001 -0.0095619019 0.00081600132 0.333 
59.299999 -0.38251993 0.0012851328 0.050000001 -0.0095619382 0.00081600808 0.333 
59.349998 -0.38251963 0.001285142 0.050000001 -0.0095619727 0.00081601471 0.333 
59.400002 -0.38251936 0.0012851511 0.050000001 -0.0095620072 0.00081602123 0.333 
59.450001 -0.38251907 0.00128516 0.050000001 -0.0095620407 0.00081602758 0.333 
59.5 -0.3825188 0.0012851687 0.050000001 -0.0095620733 0.0008160338 0.333 
59.549999 -0.38251853 0.0012851773 0.050000001 -0.0095621059 0.00081603992 0.333 
59.599998 -0.38251826 0.0012851857 0.050000001 -0.0095621375 0.00081604591 0.333 
59.650002 -0.38251799 0.0012851938 0.050000001 -0.0095621683 0.00081605179 0.333 
59.700001 -0.38251776 0.0012852019 0.050000001 -0.0095621981 0.00081605755 0.333 
59.75 -0.38251752 0.0012852098 0.050000001 -0.0095622279 0.0008160632 0.333 
59.799999 -0.38251725 0.0012852175 0.050000001 -0.0095622577 0.00081606873 0.333 
59.849998 -0.38251701 0.001285225 0.050000001 -0.0095622856 0.00081607414 0.333 
59.900002 -0.3825168 0.0012852325 0.050000001 -0.0095623136 0.00081607944 0.333 
59.950001 -0.38251656 0.0012852397 0.050000001 -0.0095623415 0.00081608468 0.333 
60 -0.38251632 0.0012852468 0.050000001 -0.0095623685 0.00081608974 0.333 
