60 -0.14753518 0.037799496 0.050000001 -0.15811419 0.041765783 0.333 
60.049999 -0.14803937 0.037661213 0.050000001 -0.15726903 0.041575015 0.333 
60.099998 -0.14856409 0.037520953 0.050000001 -0.15639332 0.0413808 0.333 
60.150002 -0.1491102 0.037378579 0.050000001 -0.15548611 0.041182958 0.333 
60.200001 -0.14967856 0.03723396 0.050000001 -0.15454645 0.040981293 0.333 
60.25 -0.15027004 0.037086952 0.050000001 -0.15357347 0.040775616 0.333 
60.299999 -0.15088557 0.036937416 0.050000001 -0.15256625 0.040565737 0.333 
60.349998 -0.15152602 0.036785211 0.050000001 -0.15152395 0.040351462 0.333 
60.400002 -0.15219232 0.036630195 0.050000001 -0.15044576 0.040132601 0.333 
60.450001 -0.15288539 0.036472216 0.050000001 -0.14933093 0.039908964 0.333 
60.5 -0.15360616 0.036311138 0.050000001 -0.14817873 0.039680362 0.333 
60.549999 -0.15435556 0.036146808 0.050000001 -0.14698853 0.039446611 0.333 
60.599998 -0.1551345 0.035979085 0.050000001 -0.14575973 0.039207522 0.333 
60.650002 -0.15594392 0.035807818 0.050000001 -0.14449188 0.038962923 0.333 
60.700001 -0.15678471 0.035632871 0.050000001 -0.14318454 0.038712639 0.333 
60.75 -0.15765779 0.035454091 0.050000001 -0.14183739 0.038456503 0.333 
60.799999 -0.15856403 0.035271347 0.050000001 -0.14045024 0.038194351 0.333 
60.849998 -0.15950428 0.035084493 0.050000001 -0.13902298 0.037926037 0.333 
60.900002 -0.1604794 0.034893401 0.050000001 -0.13755561 0.037651416 0.333 
60.950001 -0.16149016 0.034697931 0.050000001 -0.13604832 0.037370354 0.333 
61 -0.16253734 0.034497961 0.050000001 -0.13450135 0.037082732 0.333 
61.049999 -0.16362166 0.034293368 0.050000001 -0.13291515 0.036788441 0.333 
61.099998 -0.1647438 0.034084041 0.050000001 -0.13129029 0.036487389 0.333 
61.150002 -0.16590437 0.033869863 0.050000001 -0.12962747 0.03617949 0.333 
61.200001 -0.16710396 0.033650734 0.050000001 -0.12792757 0.035864685 0.333 
61.25 -0.16834305 0.03342656 0.050000001 -0.12619166 0.035542924 0.333 
61.299999 -0.16962206 0.033197254 0.050000001 -0.12442093 0.035214182 0.333 
61.349998 -0.17094137 0.032962743 0.050000001 -0.12261675 0.034878448 0.333 
61.400002 -0.17230125 0.032722961 0.050000001 -0.12078064 0.034535732 0.333 
61.450001 -0.17370187 0.032477852 0.050000001 -0.1189143 0.034186065 0.333 
61.5 -0.17514335 0.032227371 0.050000001 -0.11701959 0.033829499 0.333 
61.549999 -0.17662568 0.031971484 0.050000001 -0.11509849 0.033466108 0.333 
61.599998 -0.17814878 0.031710178 0.050000001 -0.11315316 0.033095989 0.333 
61.650002 -0.17971244 0.031443443 0.050000001 -0.11118588 0.032719266 0.333 
61.700001 -0.18131638 0.031171288 0.050000001 -0.10919906 0.032336075 0.333 
61.75 -0.18296017 0.030893736 0.050000001 -0.10719522 0.031946585 0.333 
61.799999 -0.18464331 0.030610822 0.050000001 -0.10517699 0.031550985 0.333 
61.849998 -0.18636517 0.030322596 0.050000001 -0.10314707 0.031149482 0.333 
61.900002 -0.18812503 0.030029126 0.050000001 -0.10110827 0.030742316 0.333 
61.950001 -0.18992203 0.029730489 0.050000001 -0.099063396 0.030329736 0.333 
62 -0.19175524 0.029426785 0.050000001 -0.097015329 0.029912019 0.333 
62.049999 -0.19362357 0.029118121 0.050000001 -0.09496697 0.029489459 0.333 
62.099998 -0.1955259 0.028804621 0.050000001 -0.092921212 0.029062372 0.333 
62.150002 -0.19746096 0.028486427 0.050000001 -0.090880916 0.028631084 0.333 
62.200001 -0.1994274 0.028163692 0.050000001 -0.088848941 0.028195944 0.333 
62.25 -0.20142379 0.02783658 0.050000001 -0.086828053 0.027757311 0.333 
62.299999 -0.20344862 0.027505271 0.050000001 -0.084820986 0.027315561 0.333 
62.349998 -0.20550027 0.02716996 0.050000001 -0.082830355 0.026871076 0.333 
62.400002 -0.20757711 0.026830848 0.050000001 -0.080858693 0.026424248 0.333 
62.450001 -0.2096774 0.026488151 0.050000001 -0.078908421 0.025975479 0.333 
62.5 -0.21179935 0.026142094 0.050000001 -0.076981813 0.025525175 0.333 
62.549999 -0.21394114 0.025792912 0.050000001 -0.075081021 0.025073746 0.333 
62.599998 -0.21610093 0.025440846 0.050000001 -0.073208056 0.024621604 0.333 
62.650002 -0.21827683 0.025086148 0.050000001 -0.07136476 0.024169158 0.333 
62.700001 -0.2204669 0.024729075 0.050000001 -0.069552824 0.02371682 0.333 
62.75 -0.22266923 0.02436989 0.050000001 -0.067773774 0.023264995 0.333 
62.799999 -0.22488192 0.024008857 0.050000001 -0.066028982 0.022814086 0.333 
62.849998 -0.22710301 0.023646252 0.050000001 -0.06431964 0.022364482 0.333 
62.900002 -0.22933061 0.023282344 0.050000001 -0.062646791 0.021916574 0.333 
62.950001 -0.23156284 0.02291741 0.050000001 -0.061011307 0.021470735 0.333 
63 -0.2337978 0.022551728 0.050000001 -0.059413906 0.02102733 0.333 
63.049999 -0.23603368 0.022185571 0.050000001 -0.057855152 0.020586716 0.333 
63.099998 -0.23826867 0.021819215 0.050000001 -0.056335468 0.020149231 0.333 
63.150002 -0.24050105 0.021452932 0.050000001 -0.054855131 0.019715199 0.333 
63.200001 -0.24272907 0.021086993 0.050000001 -0.053414289 0.019284936 0.333 
63.25 -0.24495111 0.020721661 0.050000001 -0.052012965 0.018858738 0.333 
63.299999 -0.24716558 0.020357201 0.050000001 -0.05065107 0.018436883 0.333 
63.349998 -0.24937092 0.01999387 0.050000001 -0.049328402 0.018019639 0.333 
63.400002 -0.25156567 0.019631917 0.050000001 -0.048044663 0.017607251 0.333 
63.450001 -0.25374845 0.01927159 0.050000001 -0.046799466 0.017199954 0.333 
63.5 -0.25591788 0.018913124 0.050000001 -0.045592342 0.01679796 0.333 
63.549999 -0.2580727 0.018556749 0.050000001 -0.044422749 0.016401468 0.333 
63.599998 -0.26021171 0.018202692 0.050000001 -0.043290082 0.016010661 0.333 
63.650002 -0.26233381 0.017851165 0.050000001 -0.042193677 0.015625702 0.333 
63.700001 -0.26443788 0.017502373 0.050000001 -0.041132823 0.015246742 0.333 
63.75 -0.26652297 0.017156517 0.050000001 -0.040106773 0.014873913 0.333 
63.799999 -0.26858816 0.016813783 0.050000001 -0.039114732 0.014507331 0.333 
63.849998 -0.27063257 0.016474351 0.050000001 -0.038155895 0.014147101 0.333 
63.900002 -0.2726554 0.016138392 0.050000001 -0.037229415 0.013793309 0.333 
63.950001 -0.27465594 0.015806064 0.050000001 -0.036334448 0.01344603 0.333 
64 -0.27663353 0.015477519 0.050000001 -0.035470117 0.013105324 0.333 
64.050003 -0.27858761 0.015152898 0.050000001 -0.034635555 0.012771238 0.333 
64.099998 -0.28051755 0.014832332 0.050000001 -0.033829886 0.012443805 0.333 
64.150002 -0.28242296 0.014515944 0.050000001 -0.033052236 0.012123049 0.333 
64.199997 -0.28430337 0.014203846 0.050000001 -0.032301728 0.011808982 0.333 
64.25 -0.28615841 0.013896142 0.050000001 -0.031577501 0.011501603 0.333 
64.300003 -0.28798777 0.013592926 0.050000001 -0.030878698 0.011200904 0.333 
64.349998 -0.28979114 0.013294281 0.050000001 -0.030204479 0.010906864 0.333 
64.400002 -0.29156837 0.013000286 0.050000001 -0.029554011 0.010619456 0.333 
64.449997 -0.29331923 0.012711007 0.050000001 -0.028926484 0.010338644 0.333 
64.5 -0.29504359 0.012426503 0.050000001 -0.028321097 0.010064384 0.333 
64.550003 -0.29674134 0.012146823 0.050000001 -0.027737072 0.0097966231 0.333 
64.599998 -0.29841247 0.011872012 0.050000001 -0.02717365 0.0095353043 0.333 
64.650002 -0.30005687 0.011602104 0.050000001 -0.026630087 0.0092803631 0.333 
64.699997 -0.30167466 0.011337125 0.050000001 -0.026105665 0.0090317288 0.333 
64.75 -0.30326578 0.011077097 0.050000001 -0.025599681 0.008789327 0.333 
64.800003 -0.30483034 0.010822032 0.050000001 -0.025111461 0.0085530765 0.333 
64.849998 -0.30636847 0.010571936 0.050000001 -0.024640342 0.0083228946 0.333 
64.900002 -0.30788022 0.01032681 0.050000001 -0.024185691 0.0080986926 0.333 
64.949997 -0.30936581 0.010086648 0.050000001 -0.023746887 0.0078803794 0.333 
65 -0.31082535 0.009851438 0.050000001 -0.02332334 0.00766786 0.333 
65.050003 -0.31225905 0.0096211629 0.050000001 -0.022914469 0.007461038 0.333 
65.099998 -0.31366712 0.0093958005 0.050000001 -0.022519724 0.0072598131 0.333 
65.150002 -0.3150498 0.009175322 0.050000001 -0.02213857 0.007064085 0.333 
65.199997 -0.31640726 0.0089596976 0.050000001 -0.021770487 0.0068737497 0.333 
65.25 -0.31773984 0.0087488899 0.050000001 -0.021414982 0.0066887038 0.333 
65.300003 -0.31904775 0.0085428571 0.050000001 -0.021071576 0.0065088416 0.333 
65.349998 -0.32033128 0.0083415573 0.050000001 -0.020739811 0.0063340575 0.333 
65.400002 -0.32159069 0.0081449421 0.050000001 -0.02041924 0.0061642439 0.333 
65.449997 -0.32282633 0.0079529602 0.050000001 -0.020109443 0.0059992946 0.333 
65.5 -0.32403848 0.0077655581 0.050000001 -0.01981001 0.0058391024 0.333 
65.550003 -0.32522741 0.0075826785 0.050000001 -0.019520545 0.0056835599 0.333 
65.599998 -0.32639351 0.0074042622 0.050000001 -0.019240675 0.0055325609 0.333 
65.650002 -0.32753703 0.0072302478 0.050000001 -0.018970037 0.0053859991 0.333 
65.699997 -0.32865837 0.007060572 0.050000001 -0.018708279 0.0052437689 0.333 
65.75 -0.32975778 0.0068951687 0.050000001 -0.018455071 0.0051057651 0.333 
65.800003 -0.33083564 0.0067339712 0.050000001 -0.018210093 0.0049718842 0.333 
65.849998 -0.33189228 0.0065769106 0.050000001 -0.017973034 0.0048420229 0.333 
65.900002 -0.33292803 0.0064239171 0.050000001 -0.017743601 0.0047160797 0.333 
65.949997 -0.33394325 0.00627492 0.050000001 -0.017521508 0.0045939535 0.333 
66 -0.33493823 0.0061298469 0.050000001 -0.017306486 0.0044755456 0.333 
66.050003 -0.33591336 0.0059886258 0.050000001 -0.017098274 0.0043607573 0.333 
66.099998 -0.33686894 0.0058511831 0.050000001 -0.01689662 0.0042494927 0.333 
66.150002 -0.3378053 0.0057174456 0.050000001 -0.016701285 0.0041416567 0.333 
66.199997 -0.33872283 0.0055873385 0.050000001 -0.016512036 0.0040371558 0.333 
66.25 -0.33962178 0.005460788 0.050000001 -0.016328655 0.0039358982 0.333 
66.300003 -0.34050256 0.0053377203 0.050000001 -0.016150927 0.0038377934 0.333 
66.349998 -0.34136546 0.0052180607 0.050000001 -0.015978651 0.0037427535 0.333 
66.400002 -0.3422108 0.0051017352 0.050000001 -0.01581163 0.0036506914 0.333 
66.449997 -0.34303895 0.0049886703 0.050000001 -0.015649676 0.0035615223 0.333 
66.5 -0.34385017 0.0048787929 0.050000001 -0.015492611 0.0034751627 0.333 
66.550003 -0.34464478 0.0047720298 0.050000001 -0.015340259 0.0033915313 0.333 
66.599998 -0.34542313 0.0046683084 0.050000001 -0.015192457 0.0033105484 0.333 
66.650002 -0.34618554 0.0045675575 0.050000001 -0.015049045 0.0032321357 0.333 
66.699997 -0.34693229 0.0044697057 0.050000001 -0.014909868 0.0031562175 0.333 
66.75 -0.34766367 0.0043746824 0.050000001 -0.014774783 0.0030827192 0.333 
66.800003 -0.34838 0.0042824186 0.050000001 -0.014643644 0.003011568 0.333 
66.849998 -0.34908155 0.004192845 0.050000001 -0.014516319 0.0029426934 0.333 
66.900002 -0.34976864 0.0041058944 0.050000001 -0.014392678 0.0028760261 0.333 
66.949997 -0.35044155 0.0040214998 0.050000001 -0.014272594 0.0028114985 0.333 
67 -0.35110053 0.0039395955 0.050000001 -0.014155947 0.0027490454 0.333 
67.050003 -0.35174593 0.003860116 0.050000001 -0.014042622 0.0026886023 0.333 
67.099998 -0.35237795 0.0037829983 0.050000001 -0.013932509 0.0026301073 0.333 
67.150002 -0.35299689 0.0037081793 0.050000001 -0.013825499 0.0025734995 0.333 
67.199997 -0.35360298 0.0036355974 0.050000001 -0.013721491 0.0025187202 0.333 
67.25 -0.35419652 0.0035651922 0.050000001 -0.013620386 0.0024657117 0.333 
67.300003 -0.35477778 0.0034969042 0.050000001 -0.013522089 0.0024144182 0.333 
67.349998 -0.35534695 0.0034306752 0.050000001 -0.013426507 0.0023647854 0.333 
67.400002 -0.35590434 0.0033664485 0.050000001 -0.013333554 0.0023167606 0.333 
67.449997 -0.35645014 0.0033041679 0.050000001 -0.013243145 0.0022702927 0.333 
67.5 -0.35698462 0.0032437784 0.050000001 -0.013155198 0.0022253317 0.333 
67.550003 -0.357508 0.0031852268 0.050000001 -0.013069635 0.0021818294 0.333 
67.599998 -0.35802051 0.0031284608 0.050000001 -0.01298638 0.0021397388 0.333 
67.650002 -0.35852239 0.0030734288 0.050000001 -0.01290536 0.0020990144 0.333 
67.699997 -0.35901383 0.003020081 0.050000001 -0.012826507 0.0020596117 0.333 
67.75 -0.35949507 0.0029683684 0.050000001 -0.012749751 0.002021488 0.333 
67.800003 -0.35996634 0.0029182434 0.050000001 -0.012675027 0.0019846021 0.333 
67.849998 -0.3604278 0.0028696591 0.050000001 -0.012602275 0.001948913 0.333 
67.900002 -0.36087966 0.0028225703 0.050000001 -0.012531431 0.0019143819 0.333 
67.949997 -0.36132216 0.0027769324 0.050000001 -0.01246244 0.0018809709 0.333 
68 -0.36175549 0.0027327025 0.050000001 -0.012395244 0.0018486433 0.333 
68.050003 -0.36217979 0.0026898382 0.050000001 -0.012329789 0.0018173633 0.333 
68.099998 -0.36259532 0.0026482984 0.050000001 -0.012266022 0.0017870966 0.333 
68.150002 -0.36300221 0.0026080434 0.050000001 -0.012203894 0.0017578098 0.333 
68.199997 -0.36340064 0.002569034 0.050000001 -0.012143355 0.0017294703 0.333 
68.25 -0.36379084 0.0025312323 0.050000001 -0.012084359 0.001702047 0.333 
68.300003 -0.36417294 0.0024946015 0.050000001 -0.01202686 0.0016755094 0.333 
68.349998 -0.3645471 0.0024591058 0.050000001 -0.011970815 0.0016498283 0.333 
68.400002 -0.36491352 0.0024247102 0.050000001 -0.011916181 0.0016249751 0.333 
68.449997 -0.36527237 0.002391381 0.050000001 -0.011862917 0.0016009226 0.333 
68.5 -0.36562377 0.0023590848 0.050000001 -0.011810984 0.0015776437 0.333 
68.550003 -0.3659679 0.0023277898 0.050000001 -0.011760343 0.001555113 0.333 
68.599998 -0.3663049 0.0022974648 0.050000001 -0.011710959 0.0015333055 0.333 
68.650002 -0.36663494 0.0022680797 0.050000001 -0.011662793 0.001512197 0.333 
68.699997 -0.36695814 0.0022396047 0.050000001 -0.011615814 0.0014917643 0.333 
68.75 -0.36727467 0.002212012 0.050000001 -0.011569987 0.0014719848 0.333 
68.800003 -0.36758465 0.0021852732 0.050000001 -0.01152528 0.0014528367 0.333 
68.849998 -0.36788824 0.002159362 0.050000001 -0.011481661 0.0014342989 0.333 
68.900002 -0.36818555 0.0021342516 0.050000001 -0.011439102 0.0014163512 0.333 
68.949997 -0.36847672 0.0021099176 0.050000001 -0.011397571 0.0013989735 0.333 
69 -0.3687619 0.0020863349 0.050000001 -0.011357042 0.0013821472 0.333 
69.050003 -0.36904117 0.0020634797 0.050000001 -0.011317487 0.0013658536 0.333 
69.099998 -0.36931473 0.0020413289 0.050000001 -0.011278879 0.0013500749 0.333 
69.150002 -0.36958262 0.0020198605 0.050000001 -0.011241192 0.0013347941 0.333 
69.199997 -0.36984497 0.0019990525 0.050000001 -0.011204403 0.0013199943 0.333 
69.25 -0.37010196 0.0019788838 0.050000001 -0.011168486 0.0013056598 0.333 
69.300003 -0.37035364 0.0019593341 0.050000001 -0.011133418 0.0012917748 0.333 
69.349998 -0.37060013 0.0019403839 0.050000001 -0.011099177 0.0012783244 0.333 
69.400002 -0.37084159 0.0019220138 0.050000001 -0.011065742 0.001265294 0.333 
69.449997 -0.37107804 0.0019042054 0.050000001 -0.01103309 0.0012526698 0.333 
69.5 -0.37130967 0.0018869406 0.050000001 -0.011001201 0.0012404382 0.333 
69.550003 -0.37153652 0.001870202 0.050000001 -0.010970055 0.0012285861 0.333 
69.599998 -0.37175873 0.001853973 0.050000001 -0.010939633 0.0012171009 0.333 
69.650002 -0.37197638 0.0018382372 0.050000001 -0.010909917 0.0012059704 0.333 
69.699997 -0.37218955 0.0018229786 0.050000001 -0.010880887 0.0011951829 0.333 
69.75 -0.37239835 0.0018081822 0.050000001 -0.010852526 0.0011847269 0.333 
69.800003 -0.37260288 0.0017938331 0.050000001 -0.010824817 0.0011745916 0.333 
69.849998 -0.37280321 0.0017799169 0.050000001 -0.010797744 0.0011647661 0.333 
69.900002 -0.37299946 0.0017664199 0.050000001 -0.01077129 0.0011552405 0.333 
69.949997 -0.37319168 0.0017533285 0.050000001 -0.01074544 0.0011460047 0.333 
70 -0.37337995 0.0017406298 0.050000001 -0.010720178 0.0011370492 0.333 
70.050003 -0.37356439 0.0017283113 0.050000001 -0.010695489 0.0011283647 0.333 
70.099998 -0.37374505 0.0017163608 0.050000001 -0.010671359 0.0011199424 0.333 
70.150002 -0.37392202 0.0017047665 0.050000001 -0.010647776 0.0011117737 0.333 
70.199997 -0.37409538 0.0016935171 0.050000001 -0.010624724 0.0011038502 0.333 
70.25 -0.37426519 0.0016826016 0.050000001 -0.01060219 0.0010961639 0.333 
70.300003 -0.37443155 0.0016720092 0.050000001 -0.010580162 0.001088707 0.333 
70.349998 -0.37459448 0.0016617298 0.050000001 -0.010558628 0.001081472 0.333 
70.400002 -0.37475413 0.0016517533 0.050000001 -0.010537574 0.001074452 0.333 
70.449997 -0.3749105 0.0016420701 0.050000001 -0.01051699 0.0010676396 0.333 
70.5 -0.37506369 0.001632671 0.050000001 -0.010496864 0.0010610282 0.333 
70.550003 -0.37521374 0.0016235467 0.050000001 -0.010477185 0.0010546113 0.333 
70.599998 -0.37536076 0.0016146888 0.050000001 -0.010457942 0.0010483826 0.333 
70.650002 -0.37550476 0.0016060886 0.050000001 -0.010439125 0.0010423361 0.333 
70.699997 -0.37564585 0.0015977381 0.050000001 -0.010420724 0.001036466 0.333 
70.75 -0.37578407 0.0015896294 0.050000001 -0.010402728 0.0010307663 0.333 
70.800003 -0.37591949 0.0015817549 0.050000001 -0.010385127 0.0010252319 0.333 
70.849998 -0.37605214 0.0015741071 0.050000001 -0.010367913 0.0010198572 0.333 
70.900002 -0.37618208 0.001566679 0.050000001 -0.010351076 0.0010146374 0.333 
70.949997 -0.37630939 0.0015594636 0.050000001 -0.010334607 0.0010095674 0.333 
71 -0.37643412 0.0015524543 0.050000001 -0.010318499 0.0010046425 0.333 
71.050003 -0.37655634 0.0015456446 0.050000001 -0.010302741 0.0009998579 0.333 
71.099998 -0.37667605 0.0015390284 0.050000001 -0.010287326 0.00099520944 0.333 
71.150002 -0.37679332 0.0015325994 0.050000001 -0.010272246 0.00099069276 0.333 
71.199997 -0.37690824 0.001526352 0.050000001 -0.010257493 0.00098630355 0.333 
71.25 -0.37702081 0.0015202806 0.050000001 -0.01024306 0.00098203798 0.333 
71.300003 -0.3771311 0.0015143795 0.050000001 -0.010228938 0.00097789208 0.333 
71.349998 -0.37723917 0.0015086436 0.050000001 -0.010215121 0.00097386213 0.333 
71.400002 -0.37734506 0.0015030678 0.050000001 -0.010201603 0.00096994458 0.333 
71.449997 -0.37744877 0.0014976471 0.050000001 -0.010188376 0.00096613588 0.333 
71.5 -0.37755039 0.0014923768 0.050000001 -0.010175432 0.00096243265 0.333 
71.550003 -0.37764996 0.0014872522 0.050000001 -0.010162766 0.00095883163 0.333 
71.599998 -0.37774751 0.0014822689 0.050000001 -0.010150372 0.00095532968 0.333 
71.650002 -0.37784308 0.0014774227 0.050000001 -0.010138243 0.00095192378 0.333 
71.699997 -0.37793675 0.0014727091 0.050000001 -0.010126373 0.00094861101 0.333 
71.75 -0.37802848 0.0014681243 0.050000001 -0.010114756 0.0009453884 0.333 
71.800003 -0.3781184 0.0014636645 0.050000001 -0.010103388 0.00094225333 0.333 
71.849998 -0.37820646 0.0014593257 0.050000001 -0.010092261 0.00093920308 0.333 
71.900002 -0.37829277 0.0014551042 0.050000001 -0.010081371 0.00093623513 0.333 
71.949997 -0.37837735 0.0014509967 0.050000001 -0.010070712 0.00093334686 0.333 
72 -0.3784602 0.0014469997 0.050000001 -0.01006028 0.00093053607 0.333 
72.050003 -0.37854135 0.0014431099 0.050000001 -0.010050068 0.00092780025 0.333 
72.099998 -0.37862089 0.001439324 0.050000001 -0.010040072 0.00092513731 0.333 
72.150002 -0.37869883 0.001435639 0.050000001 -0.010030287 0.00092254498 0.333 
72.199997 -0.37877521 0.0014320519 0.050000001 -0.010020709 0.00092002115 0.333 
72.25 -0.37885001 0.0014285597 0.050000001 -0.010011333 0.00091756386 0.333 
72.300003 -0.37892333 0.0014251597 0.050000001 -0.010002155 0.00091517105 0.333 
72.349998 -0.37899515 0.0014218491 0.050000001 -0.0099931695 0.00091284094 0.333 
72.400002 -0.37906554 0.0014186255 0.050000001 -0.0099843731 0.00091057154 0.333 
72.449997 -0.37913451 0.0014154861 0.050000001 -0.0099757612 0.00090836122 0.333 
72.5 -0.3792021 0.0014124284 0.050000001 -0.0099673299 0.00090620818 0.333 
72.550003 -0.37926832 0.0014094503 0.050000001 -0.0099590756 0.00090411078 0.333 
72.599998 -0.3793332 0.0014065494 0.050000001 -0.0099509936 0.00090206735 0.333 
72.650002 -0.37939677 0.0014037233 0.050000001 -0.0099430811 0.00090007641 0.333 
72.699997 -0.37945905 0.0014009699 0.050000001 -0.0099353343 0.00089813641 0.333 
72.75 -0.37952009 0.0013982871 0.050000001 -0.0099277487 0.00089624588 0.333 
72.800003 -0.3795799 0.0013956731 0.050000001 -0.0099203214 0.00089440338 0.333 
72.849998 -0.37963852 0.0013931257 0.050000001 -0.0099130496 0.00089260761 0.333 
72.900002 -0.37969595 0.0013906431 0.050000001 -0.0099059287 0.00089085719 0.333 
72.949997 -0.37975222 0.0013882234 0.050000001 -0.0098989559 0.00088915089 0.333 
73 -0.37980735 0.0013858648 0.050000001 -0.0098921275 0.00088748737 0.333 
73.050003 -0.37986138 0.0013835656 0.050000001 -0.0098854415 0.00088586553 0.333 
73.099998 -0.37991434 0.0013813243 0.050000001 -0.0098788943 0.00088428415 0.333 
73.150002 -0.37996623 0.001379139 0.050000001 -0.0098724831 0.00088274211 0.333 
73.199997 -0.38001707 0.0013770083 0.050000001 -0.0098662041 0.00088123826 0.333 
73.25 -0.38006687 0.0013749306 0.050000001 -0.0098600555 0.00087977166 0.333 
73.300003 -0.38011569 0.0013729045 0.050000001 -0.0098540345 0.00087834115 0.333 
73.349998 -0.38016355 0.0013709285 0.050000001 -0.0098481374 0.00087694585 0.333 
73.400002 -0.3802104 0.0013690012 0.050000001 -0.0098423632 0.00087558466 0.333 
73.449997 -0.38025635 0.0013671215 0.050000001 -0.0098367073 0.00087425677 0.333 
73.5 -0.38030136 0.0013652877 0.050000001 -0.0098311678 0.00087296125 0.333 
73.550003 -0.38034546 0.0013634989 0.050000001 -0.0098257428 0.00087169721 0.333 
73.599998 -0.38038868 0.0013617536 0.050000001 -0.0098204305 0.00087046373 0.333 
73.650002 -0.38043103 0.0013600509 0.050000001 -0.0098152263 0.00086926005 0.333 
73.699997 -0.38047254 0.0013583893 0.050000001 -0.0098101301 0.00086808536 0.333 
73.75 -0.38051322 0.001356768 0.050000001 -0.0098051382 0.00086693891 0.333 
73.800003 -0.38055307 0.0013551858 0.050000001 -0.0098002488 0.00086581986 0.333 
73.849998 -0.38059211 0.0013536416 0.050000001 -0.0097954609 0.0008647276 0.333 
73.900002 -0.3806304 0.0013521344 0.050000001 -0.0097907698 0.00086366129 0.333 
73.949997 -0.3806679 0.0013506634 0.050000001 -0.0097861765 0.00086262036 0.333 
74 -0.38070464 0.0013492274 0.050000001 -0.0097816763 0.00086160406 0.333 
74.050003 -0.38074067 0.0013478255 0.050000001 -0.0097772684 0.00086061179 0.333 
74.099998 -0.38077596 0.0013464569 0.050000001 -0.0097729508 0.00085964287 0.333 
74.150002 -0.38081053 0.0013451207 0.050000001 -0.0097687226 0.00085869676 0.333 
74.199997 -0.38084441 0.0013438162 0.050000001 -0.0097645801 0.00085777277 0.333 
74.25 -0.38087764 0.0013425422 0.050000001 -0.0097605223 0.00085687044 0.333 
74.300003 -0.38091019 0.0013412982 0.050000001 -0.0097565474 0.00085598917 0.333 
74.349998 -0.38094208 0.0013400833 0.050000001 -0.0097526535 0.0008551284 0.333 
74.400002 -0.38097334 0.0013388968 0.050000001 -0.0097488398 0.00085428759 0.333 
74.449997 -0.38100398 0.001337738 0.050000001 -0.0097451033 0.00085346622 0.333 
74.5 -0.38103399 0.0013366061 0.050000001 -0.0097414441 0.00085266388 0.333 
74.550003 -0.3810634 0.0013355005 0.050000001 -0.0097378585 0.00085188 0.333 
74.599998 -0.38109222 0.0013344204 0.050000001 -0.0097343465 0.00085111411 0.333 
74.650002 -0.38112047 0.0013333653 0.050000001 -0.0097309062 0.00085036585 0.333 
74.699997 -0.38114813 0.0013323345 0.050000001 -0.0097275358 0.00084963464 0.333 
74.75 -0.38117528 0.0013313274 0.050000001 -0.0097242333 0.00084892014 0.333 
74.800003 -0.38120186 0.0013303433 0.050000001 -0.0097209988 0.00084822194 0.333 
74.849998 -0.38122791 0.0013293817 0.050000001 -0.0097178295 0.00084753963 0.333 
74.900002 -0.38125342 0.0013284421 0.050000001 -0.0097147254 0.00084687275 0.333 
74.949997 -0.38127846 0.001327524 0.050000001 -0.0097116837 0.000846221 0.333 
75 -0.38130295 0.0013266266 0.050000001 -0.0097087044 0.00084558397 0.333 
75.050003 -0.381327 0.0013257497 0.050000001 -0.0097057857 0.00084496127 0.333 
75.099998 -0.38135055 0.0013248925 0.050000001 -0.0097029256 0.00084435259 0.333 
75.150002 -0.38137361 0.0013240547 0.050000001 -0.0097001242 0.00084375753 0.333 
75.199997 -0.38139623 0.0013232358 0.050000001 -0.0096973795 0.00084317586 0.333 
75.25 -0.38141838 0.0013224353 0.050000001 -0.0096946899 0.00084260717 0.333 
75.300003 -0.3814401 0.0013216528 0.050000001 -0.0096920552 0.00084205117 0.333 
75.349998 -0.38146138 0.0013208877 0.050000001 -0.0096894745 0.00084150751 0.333 
75.400002 -0.38148224 0.0013201399 0.050000001 -0.009686945 0.00084097596 0.333 
75.449997 -0.38150266 0.0013194085 0.050000001 -0.0096844677 0.00084045622 0.333 
75.5 -0.38152272 0.0013186936 0.050000001 -0.0096820407 0.00083994796 0.333 
75.550003 -0.38154233 0.0013179946 0.050000001 -0.0096796621 0.00083945092 0.333 
75.599998 -0.38156158 0.001317311 0.050000001 -0.0096773319 0.00083896489 0.333 
75.650002 -0.38158041 0.0013166425 0.050000001 -0.0096750483 0.00083848956 0.333 
75.699997 -0.38159889 0.0013159888 0.050000001 -0.0096728113 0.00083802466 0.333 
75.75 -0.38161701 0.0013153496 0.050000001 -0.0096706199 0.00083756994 0.333 
75.800003 -0.38163474 0.0013147244 0.050000001 -0.0096684732 0.00083712518 0.333 
75.849998 -0.38165212 0.001314113 0.050000001 -0.0096663684 0.00083669019 0.333 
75.900002 -0.38166916 0.001313515 0.050000001 -0.0096643073 0.00083626469 0.333 
75.949997 -0.38168585 0.0013129301 0.050000001 -0.0096622873 0.00083584845 0.333 
76 -0.38170224 0.0013123581 0.050000001 -0.0096603082 0.00083544129 0.333 
76.050003 -0.38171828 0.0013117985 0.050000001 -0.0096583692 0.00083504291 0.333 
76.099998 -0.38173398 0.001311251 0.050000001 -0.0096564693 0.00083465327 0.333 
76.150002 -0.38174939 0.0013107155 0.050000001 -0.0096546086 0.00083427201 0.333 
76.199997 -0.3817645 0.0013101916 0.050000001 -0.0096527841 0.00083389902 0.333 
76.25 -0.38177928 0.0013096791 0.050000001 -0.0096509969 0.00083353405 0.333 
76.300003 -0.38179377 0.0013091777 0.050000001 -0.009649246 0.00083317695 0.333 
76.349998 -0.38180798 0.0013086871 0.050000001 -0.0096475296 0.00083282759 0.333 
76.400002 -0.3818219 0.0013082072 0.050000001 -0.0096458485 0.00083248573 0.333 
76.449997 -0.38183555 0.0013077375 0.050000001 -0.009644201 0.00083215121 0.333 
76.5 -0.38184893 0.0013072781 0.050000001 -0.009642587 0.00083182385 0.333 
76.550003 -0.38186204 0.0013068285 0.050000001 -0.0096410057 0.00083150348 0.333 
76.599998 -0.38187489 0.0013063885 0.050000001 -0.0096394559 0.00083119003 0.333 
76.650002 -0.38188747 0.001305958 0.050000001 -0.0096379369 0.00083088322 0.333 
76.699997 -0.3818998 0.0013055367 0.050000001 -0.0096364487 0.00083058298 0.333 
76.75 -0.3819119 0.0013051244 0.050000001 -0.0096349912 0.00083028909 0.333 
76.800003 -0.38192374 0.001304721 0.050000001 -0.0096335625 0.00083000155 0.333 
76.849998 -0.38193536 0.0013043261 0.050000001 -0.0096321627 0.00082972005 0.333 
76.900002 -0.38194674 0.0013039396 0.050000001 -0.0096307909 0.0008294445 0.333 
76.949997 -0.38195789 0.0013035614 0.050000001 -0.0096294461 0.00082917488 0.333 
77 -0.3819688 0.0013031912 0.050000001 -0.0096281292 0.00082891091 0.333 
77.050003 -0.38197953 0.0013028289 0.050000001 -0.0096268384 0.00082865253 0.333 
77.099998 -0.38199002 0.0013024743 0.050000001 -0.0096255736 0.00082839961 0.333 
77.150002 -0.3820003 0.0013021271 0.050000001 -0.009624335 0.00082815206 0.333 
77.199997 -0.38201037 0.0013017873 0.050000001 -0.0096231205 0.00082790968 0.333 
77.25 -0.38202026 0.0013014547 0.050000001 -0.0096219303 0.00082767248 0.333 
77.300003 -0.38202995 0.0013011291 0.050000001 -0.0096207643 0.00082744024 0.333 
77.349998 -0.38203943 0.0013008105 0.050000001 -0.0096196216 0.00082721282 0.333 
77.400002 -0.38204873 0.0013004984 0.050000001 -0.0096185021 0.00082699023 0.333 
77.449997 -0.38205785 0.001300193 0.050000001 -0.009617405 0.0008267723 0.333 
77.5 -0.38206679 0.0012998939 0.050000001 -0.0096163293 0.00082655897 0.333 
77.550003 -0.38207555 0.0012996013 0.050000001 -0.009615276 0.00082635006 0.333 
77.599998 -0.3820841 0.0012993147 0.050000001 -0.0096142441 0.00082614552 0.333 
77.650002 -0.38209251 0.0012990341 0.050000001 -0.0096132318 0.00082594529 0.333 
77.699997 -0.38210076 0.0012987594 0.050000001 -0.0096122408 0.00082574924 0.333 
77.75 -0.38210884 0.0012984904 0.050000001 -0.0096112695 0.00082555728 0.333 
77.800003 -0.38211673 0.0012982271 0.050000001 -0.0096103167 0.00082536926 0.333 
77.849998 -0.38212451 0.0012979693 0.050000001 -0.0096093845 0.00082518521 0.333 
77.900002 -0.38213211 0.0012977167 0.050000001 -0.0096084699 0.000825005 0.333 
77.949997 -0.38213956 0.0012974696 0.050000001 -0.009607574 0.00082482852 0.333 
78 -0.38214687 0.0012972276 0.050000001 -0.0096066967 0.0008246557 0.333 
78.050003 -0.38215402 0.0012969906 0.050000001 -0.0096058361 0.00082448649 0.333 
78.099998 -0.38216102 0.0012967584 0.050000001 -0.0096049933 0.00082432077 0.333 
78.150002 -0.38216788 0.0012965312 0.050000001 -0.0096041672 0.00082415849 0.333 
78.199997 -0.38217461 0.0012963087 0.050000001 -0.0096033579 0.00082399958 0.333 
78.25 -0.38218123 0.0012960908 0.050000001 -0.0096025644 0.00082384393 0.333 
78.300003 -0.38218769 0.0012958774 0.050000001 -0.0096017867 0.00082369155 0.333 
78.349998 -0.38219404 0.0012956683 0.050000001 -0.0096010249 0.0008235423 0.333 
78.400002 -0.38220024 0.0012954636 0.050000001 -0.009600278 0.00082339608 0.333 
78.449997 -0.38220632 0.0012952633 0.050000001 -0.0095995469 0.00082325295 0.333 
78.5 -0.38221231 0.001295067 0.050000001 -0.0095988298 0.00082311273 0.333 
78.550003 -0.38221815 0.0012948748 0.050000001 -0.0095981276 0.00082297542 0.333 
78.599998 -0.38222387 0.0012946865 0.050000001 -0.0095974393 0.0008228409 0.333 
78.650002 -0.38222951 0.0012945022 0.050000001 -0.0095967641 0.00082270917 0.333 
78.699997 -0.38223499 0.0012943216 0.050000001 -0.0095961029 0.00082258019 0.333 
78.75 -0.38224038 0.0012941447 0.050000001 -0.0095954547 0.00082245382 0.333 
78.800003 -0.38224569 0.0012939714 0.050000001 -0.0095948204 0.00082233007 0.333 
78.849998 -0.38225085 0.0012938018 0.050000001 -0.0095941983 0.00082220882 0.333 
78.900002 -0.38225594 0.0012936357 0.050000001 -0.0095935883 0.00082209014 0.333 
78.949997 -0.38226092 0.0012934729 0.050000001 -0.0095929904 0.00082197384 0.333 
79 -0.38226578 0.0012933136 0.050000001 -0.0095924046 0.00082185993 0.333 
79.050003 -0.38227057 0.0012931573 0.050000001 -0.0095918309 0.00082174834 0.333 
79.099998 -0.38227525 0.0012930045 0.050000001 -0.0095912684 0.00082163903 0.333 
79.150002 -0.38227984 0.0012928547 0.050000001 -0.009590717 0.00082153198 0.333 
79.199997 -0.38228434 0.001292708 0.050000001 -0.0095901778 0.00082142709 0.333 
79.25 -0.38228875 0.0012925642 0.050000001 -0.0095896479 0.00082132441 0.333 
79.300003 -0.38229308 0.0012924235 0.050000001 -0.0095891291 0.00082122377 0.333 
79.349998 -0.38229731 0.0012922855 0.050000001 -0.0095886206 0.00082112517 0.333 
79.400002 -0.38230145 0.0012921505 0.050000001 -0.0095881233 0.00082102866 0.333 
79.449997 -0.38230553 0.0012920181 0.050000001 -0.0095876344 0.00082093407 0.333 
79.5 -0.38230953 0.0012918885 0.050000001 -0.0095871566 0.00082084141 0.333 
79.550003 -0.38231343 0.0012917615 0.050000001 -0.0095866872 0.00082075066 0.333 
79.599998 -0.38231725 0.0012916372 0.050000001 -0.0095862281 0.00082066172 0.333 
79.650002 -0.382321 0.0012915154 0.050000001 -0.0095857773 0.00082057464 0.333 
79.699997 -0.38232467 0.001291396 0.050000001 -0.0095853368 0.00082048931 0.333 
79.75 -0.38232827 0.0012912791 0.050000001 -0.0095849037 0.00082040566 0.333 
79.800003 -0.38233182 0.0012911645 0.050000001 -0.00958448 0.00082032382 0.333 
79.849998 -0.38233528 0.0012910523 0.050000001 -0.0095840646 0.00082024356 0.333 
79.900002 -0.38233867 0.0012909424 0.050000001 -0.0095836576 0.00082016498 0.333 
79.949997 -0.38234198 0.0012908347 0.050000001 -0.009583259 0.00082008797 0.333 
80 -0.38234526 0.0012907293 0.050000001 -0.0095828678 0.00082001253 0.333 
80.050003 -0.38234845 0.0012906259 0.050000001 -0.0095824851 0.00081993866 0.333 
80.099998 -0.38235158 0.0012905246 0.050000001 -0.0095821097 0.00081986625 0.333 
80.150002 -0.38235465 0.0012904254 0.050000001 -0.0095817419 0.0008197953 0.333 
80.199997 -0.38235766 0.0012903283 0.050000001 -0.0095813815 0.0008197258 0.333 
80.25 -0.38236061 0.0012902331 0.050000001 -0.0095810276 0.00081965775 0.333 
80.300003 -0.3823635 0.0012901399 0.050000001 -0.009580682 0.00081959105 0.333 
80.349998 -0.3823663 0.0012900485 0.050000001 -0.0095803421 0.00081952568 0.333 
80.400002 -0.3823691 0.0012899589 0.050000001 -0.0095800096 0.00081946165 0.333 
80.449997 -0.38237181 0.0012898712 0.050000001 -0.0095796837 0.00081939891 0.333 
80.5 -0.38237447 0.0012897853 0.050000001 -0.0095793642 0.00081933744 0.333 
80.550003 -0.38237709 0.0012897011 0.050000001 -0.0095790513 0.00081927725 0.333 
80.599998 -0.38237965 0.0012896186 0.050000001 -0.0095787449 0.00081921823 0.333 
80.650002 -0.38238215 0.0012895378 0.050000001 -0.0095784441 0.00081916043 0.333 
80.699997 -0.3823846 0.0012894586 0.050000001 -0.0095781498 0.00081910379 0.333 
80.75 -0.38238701 0.0012893809 0.050000001 -0.0095778611 0.00081904832 0.333 
80.800003 -0.38238937 0.0012893049 0.050000001 -0.0095775779 0.00081899395 0.333 
80.849998 -0.38239169 0.0012892305 0.050000001 -0.0095773004 0.00081894064 0.333 
80.900002 -0.38239396 0.0012891575 0.050000001 -0.0095770285 0.00081888848 0.333 
80.949997 -0.38239616 0.0012890861 0.050000001 -0.0095767621 0.00081883732 0.333 
81 -0.38239834 0.001289016 0.050000001 -0.0095765013 0.0008187872 0.333 
81.050003 -0.38240048 0.0012889474 0.050000001 -0.0095762452 0.00081873813 0.333 
81.099998 -0.38240257 0.0012888801 0.050000001 -0.0095759947 0.00081868999 0.333 
81.150002 -0.38240463 0.0012888142 0.050000001 -0.0095757488 0.0008186429 0.333 
81.199997 -0.38240662 0.0012887497 0.050000001 -0.0095755085 0.00081859669 0.333 
81.25 -0.38240859 0.0012886864 0.050000001 -0.009575272 0.00081855146 0.333 
81.300003 -0.38241053 0.0012886245 0.050000001 -0.009575041 0.00081850711 0.333 
81.349998 -0.38241243 0.0012885637 0.050000001 -0.0095748147 0.00081846368 0.333 
81.400002 -0.38241428 0.0012885042 0.050000001 -0.0095745921 0.00081842107 0.333 
81.449997 -0.3824161 0.0012884459 0.050000001 -0.0095743742 0.0008183794 0.333 
81.5 -0.38241786 0.0012883889 0.050000001 -0.0095741609 0.00081833854 0.333 
81.550003 -0.38241962 0.0012883329 0.050000001 -0.0095739523 0.00081829849 0.333 
81.599998 -0.38242131 0.001288278 0.050000001 -0.0095737474 0.0008182592 0.333 
81.650002 -0.38242301 0.0012882242 0.050000001 -0.0095735462 0.00081822078 0.333 
81.699997 -0.38242465 0.0012881716 0.050000001 -0.0095733497 0.00081818306 0.333 
81.75 -0.38242626 0.0012881199 0.050000001 -0.0095731569 0.00081814616 0.333 
81.800003 -0.38242784 0.0012880694 0.050000001 -0.0095729679 0.00081811001 0.333 
81.849998 -0.38242936 0.0012880198 0.050000001 -0.0095727826 0.00081807456 0.333 
81.900002 -0.38243088 0.0012879713 0.050000001 -0.0095726009 0.00081803981 0.333 
81.949997 -0.38243237 0.0012879238 0.050000001 -0.0095724231 0.00081800576 0.333 
82 -0.38243383 0.0012878771 0.050000001 -0.0095722489 0.00081797241 0.333 
82.050003 -0.38243526 0.0012878315 0.050000001 -0.0095720785 0.00081793976 0.333 
82.099998 -0.38243666 0.0012877868 0.050000001 -0.0095719108 0.00081790774 0.333 
82.150002 -0.38243803 0.0012877429 0.050000001 -0.0095717469 0.00081787631 0.333 
82.199997 -0.38243937 0.0012876999 0.050000001 -0.0095715858 0.00081784558 0.333 
82.25 -0.38244069 0.0012876578 0.050000001 -0.0095714284 0.00081781548 0.333 
82.300003 -0.38244197 0.0012876166 0.050000001 -0.0095712738 0.00081778591 0.333 
82.349998 -0.38244325 0.001287576 0.050000001 -0.009571122 0.00081775698 0.333 
82.400002 -0.38244447 0.0012875365 0.050000001 -0.0095709739 0.00081772864 0.333 
82.449997 -0.38244569 0.0012874977 0.050000001 -0.0095708286 0.00081770087 0.333 
82.5 -0.38244689 0.0012874596 0.050000001 -0.0095706861 0.00081767363 0.333 
82.550003 -0.38244805 0.0012874223 0.050000001 -0.0095705464 0.00081764697 0.333 
82.599998 -0.38244918 0.0012873858 0.050000001 -0.0095704095 0.00081762084 0.333 
82.650002 -0.38245031 0.00128735 0.050000001 -0.0095702754 0.00081759517 0.333 
82.699997 -0.38245142 0.0012873149 0.050000001 -0.0095701441 0.00081757008 0.333 
82.75 -0.38245249 0.0012872806 0.050000001 -0.0095700147 0.00081754552 0.333 
82.800003 -0.38245353 0.0012872468 0.050000001 -0.0095698889 0.00081752136 0.333 
82.849998 -0.38245457 0.0012872139 0.050000001 -0.0095697651 0.00081749778 0.333 
82.900002 -0.38245559 0.0012871815 0.050000001 -0.009569644 0.00081747462 0.333 
82.949997 -0.38245657 0.0012871498 0.050000001 -0.0095695248 0.00081745192 0.333 
83 -0.38245755 0.0012871188 0.050000001 -0.0095694084 0.00081742968 0.333 
83.050003 -0.38245848 0.0012870883 0.050000001 -0.0095692948 0.00081740791 0.333 
83.099998 -0.38245943 0.0012870585 0.050000001 -0.0095691821 0.00081738655 0.333 
83.150002 -0.38246036 0.0012870292 0.050000001 -0.0095690731 0.00081736565 0.333 
83.199997 -0.38246125 0.0012870006 0.050000001 -0.0095689651 0.00081734516 0.333 
83.25 -0.38246211 0.0012869725 0.050000001 -0.0095688598 0.00081732508 0.333 
83.300003 -0.38246298 0.001286945 0.050000001 -0.0095687564 0.00081730535 0.333 
83.349998 -0.38246381 0.0012869181 0.050000001 -0.0095686559 0.00081728608 0.333 
83.400002 -0.38246465 0.0012868916 0.050000001 -0.0095685562 0.00081726717 0.333 
83.449997 -0.38246545 0.0012868658 0.050000001 -0.0095684594 0.00081724866 0.333 
83.5 -0.38246626 0.0012868404 0.050000001 -0.0095683644 0.0008172305 0.333 
83.550003 -0.38246703 0.0012868155 0.050000001 -0.0095682712 0.00081721268 0.333 
83.599998 -0.38246781 0.0012867912 0.050000001 -0.00956818 0.00081719528 0.333 
83.650002 -0.38246855 0.0012867673 0.050000001 -0.0095680896 0.00081717817 0.333 
83.699997 -0.3824693 0.0012867439 0.050000001 -0.0095680021 0.00081716146 0.333 
83.75 -0.38247001 0.001286721 0.050000001 -0.0095679164 0.00081714505 0.333 
83.800003 -0.3824707 0.0012866985 0.050000001 -0.0095678316 0.00081712892 0.333 
83.849998 -0.38247138 0.0012866765 0.050000001 -0.0095677488 0.00081711321 0.333 
83.900002 -0.38247207 0.001286655 0.050000001 -0.0095676677 0.00081709772 0.333 
83.949997 -0.38247272 0.0012866338 0.050000001 -0.0095675886 0.00081708259 0.333 
84 -0.38247338 0.0012866131 0.050000001 -0.0095675103 0.0008170678 0.333 
84.050003 -0.38247404 0.0012865928 0.050000001 -0.0095674349 0.00081705325 0.333 
84.099998 -0.38247463 0.0012865729 0.050000001 -0.0095673595 0.00081703899 0.333 
84.150002 -0.38247526 0.0012865533 0.050000001 -0.0095672868 0.00081702508 0.333 
84.199997 -0.38247585 0.0012865342 0.050000001 -0.0095672151 0.0008170114 0.333 
84.25 -0.38247645 0.0012865155 0.050000001 -0.0095671443 0.00081699796 0.333 
84.300003 -0.38247702 0.0012864972 0.050000001 -0.0095670754 0.00081698486 0.333 
84.349998 -0.38247758 0.0012864792 0.050000001 -0.0095670074 0.00081697194 0.333 
84.400002 -0.38247815 0.0012864616 0.050000001 -0.0095669413 0.00081695936 0.333 
84.449997 -0.38247868 0.0012864443 0.050000001 -0.009566877 0.00081694697 0.333 
84.5 -0.38247922 0.0012864274 0.050000001 -0.0095668128 0.00081693486 0.333 
84.550003 -0.38247973 0.0012864107 0.050000001 -0.0095667504 0.00081692298 0.333 
84.599998 -0.38248023 0.0012863945 0.050000001 -0.0095666898 0.00081691134 0.333 
84.650002 -0.38248074 0.0012863786 0.050000001 -0.0095666293 0.00081689993 0.333 
84.699997 -0.38248122 0.001286363 0.050000001 -0.0095665706 0.00081688876 0.333 
84.75 -0.38248172 0.0012863476 0.050000001 -0.0095665138 0.00081687781 0.333 
84.800003 -0.38248217 0.0012863327 0.050000001 -0.009566457 0.0008168671 0.333 
84.849998 -0.38248265 0.0012863179 0.050000001 -0.0095664021 0.00081685657 0.333 
84.900002 -0.38248309 0.0012863036 0.050000001 -0.009566348 0.00081684627 0.333 
84.949997 -0.38248354 0.0012862895 0.050000001 -0.009566295 0.0008168362 0.333 
85 -0.38248396 0.0012862757 0.050000001 -0.0095662428 0.00081682624 0.333 
85.050003 -0.38248441 0.0012862621 0.050000001 -0.0095661916 0.00081681658 0.333 
85.099998 -0.38248482 0.0012862488 0.050000001 -0.0095661422 0.00081680703 0.333 
85.150002 -0.38248521 0.0012862358 0.050000001 -0.0095660929 0.00081679772 0.333 
85.199997 -0.38248563 0.0012862231 0.050000001 -0.0095660444 0.00081678864 0.333 
85.25 -0.38248602 0.0012862105 0.050000001 -0.0095659979 0.00081677968 0.333 
85.300003 -0.3824864 0.0012861983 0.050000001 -0.0095659522 0.00081677089 0.333 
85.349998 -0.38248679 0.0012861863 0.050000001 -0.0095659066 0.00081676233 0.333 
85.400002 -0.38248715 0.0012861745 0.050000001 -0.0095658628 0.00081675389 0.333 
85.449997 -0.38248751 0.001286163 0.050000001 -0.0095658191 0.00081674563 0.333 
85.5 -0.38248786 0.0012861517 0.050000001 -0.0095657762 0.00081673753 0.333 
85.550003 -0.38248822 0.0012861406 0.050000001 -0.0095657352 0.00081672962 0.333 
85.599998 -0.38248855 0.0012861298 0.050000001 -0.0095656943 0.00081672182 0.333 
85.650002 -0.38248888 0.0012861191 0.050000001 -0.0095656542 0.00081671425 0.333 
85.699997 -0.3824892 0.0012861087 0.050000001 -0.0095656151 0.00081670674 0.333 
85.75 -0.38248953 0.0012860985 0.050000001 -0.009565576 0.00081669947 0.333 
85.800003 -0.38248986 0.0012860885 0.050000001 -0.0095655387 0.00081669231 0.333 
85.849998 -0.38249016 0.0012860787 0.050000001 -0.0095655015 0.00081668526 0.333 
85.900002 -0.38249046 0.001286069 0.050000001 -0.0095654661 0.0008166784 0.333 
85.949997 -0.38249075 0.0012860596 0.050000001 -0.0095654298 0.00081667164 0.333 
86 -0.38249105 0.0012860504 0.050000001 -0.0095653953 0.00081666501 0.333 
86.050003 -0.38249132 0.0012860413 0.050000001 -0.0095653618 0.00081665855 0.333 
86.099998 -0.38249162 0.0012860325 0.050000001 -0.0095653282 0.0008166522 0.333 
86.150002 -0.38249189 0.0012860238 0.050000001 -0.0095652957 0.00081664597 0.333 
86.199997 -0.38249215 0.0012860153 0.050000001 -0.0095652631 0.00081663986 0.333 
86.25 -0.38249242 0.0012860069 0.050000001 -0.0095652314 0.00081663392 0.333 
86.300003 -0.38249266 0.0012859987 0.050000001 -0.0095652007 0.00081662805 0.333 
86.349998 -0.38249293 0.0012859907 0.050000001 -0.0095651709 0.00081662228 0.333 
86.400002 -0.38249317 0.0012859829 0.050000001 -0.0095651411 0.0008166167 0.333 
86.449997 -0.38249341 0.0012859751 0.050000001 -0.0095651122 0.00081661117 0.333 
86.5 -0.38249364 0.0012859676 0.050000001 -0.0095650842 0.00081660575 0.333 
86.550003 -0.38249388 0.0012859602 0.050000001 -0.0095650563 0.00081660046 0.333 
86.599998 -0.38249412 0.001285953 0.050000001 -0.0095650284 0.00081659527 0.333 
86.650002 -0.38249433 0.0012859459 0.050000001 -0.0095650023 0.00081659021 0.333 
86.699997 -0.38249454 0.0012859389 0.050000001 -0.0095649762 0.00081658521 0.333 
86.75 -0.38249478 0.001285932 0.050000001 -0.0095649501 0.00081658032 0.333 
86.800003 -0.38249499 0.0012859254 0.050000001 -0.009564925 0.00081657554 0.333 
86.849998 -0.38249519 0.0012859189 0.050000001 -0.0095649008 0.00081657083 0.333 
86.900002 -0.38249537 0.0012859125 0.050000001 -0.0095648766 0.00081656623 0.333 
86.949997 -0.38249558 0.0012859061 0.050000001 -0.0095648523 0.00081656175 0.333 
87 -0.38249579 0.0012859 0.050000001 -0.0095648291 0.00081655732 0.333 
87.050003 -0.38249597 0.001285894 0.050000001 -0.0095648067 0.00081655302 0.333 
87.099998 -0.38249615 0.001285888 0.050000001 -0.0095647844 0.00081654877 0.333 
87.150002 -0.38249633 0.0012858822 0.050000001 -0.009564762 0.00081654463 0.333 
87.199997 -0.38249651 0.0012858765 0.050000001 -0.0095647406 0.00081654056 0.333 
87.25 -0.38249668 0.0012858709 0.050000001 -0.0095647201 0.00081653654 0.333 
87.300003 -0.38249686 0.0012858654 0.050000001 -0.0095646996 0.00081653264 0.333 
87.349998 -0.38249704 0.0012858601 0.050000001 -0.0095646791 0.0008165288 0.333 
87.400002 -0.38249719 0.0012858548 0.050000001 -0.0095646596 0.00081652502 0.333 
87.449997 -0.38249737 0.0012858497 0.050000001 -0.00956464 0.00081652135 0.333 
87.5 -0.38249752 0.0012858447 0.050000001 -0.0095646214 0.00081651774 0.333 
87.550003 -0.38249767 0.0012858397 0.050000001 -0.0095646027 0.00081651419 0.333 
87.599998 -0.38249782 0.0012858348 0.050000001 -0.0095645841 0.00081651076 0.333 
87.650002 -0.38249797 0.0012858302 0.050000001 -0.0095645664 0.00081650732 0.333 
87.699997 -0.38249812 0.0012858255 0.050000001 -0.0095645487 0.00081650401 0.333 
87.75 -0.38249826 0.001285821 0.050000001 -0.009564532 0.00081650075 0.333 
87.800003 -0.38249841 0.0012858164 0.050000001 -0.0095645152 0.00081649754 0.333 
87.849998 -0.38249853 0.0012858121 0.050000001 -0.0095644984 0.0008164944 0.333 
87.900002 -0.38249868 0.0012858078 0.050000001 -0.0095644826 0.00081649137 0.333 
87.949997 -0.3824988 0.0012858036 0.050000001 -0.0095644668 0.00081648835 0.333 
88 -0.38249895 0.0012857994 0.050000001 -0.0095644509 0.00081648538 0.333 
88.050003 -0.38249907 0.0012857955 0.050000001 -0.009564436 0.00081648253 0.333 
88.099998 -0.38249919 0.0012857915 0.050000001 -0.0095644211 0.00081647967 0.333 
88.150002 -0.38249931 0.0012857876 0.050000001 -0.0095644062 0.00081647688 0.333 
88.199997 -0.38249943 0.0012857838 0.050000001 -0.0095643923 0.00081647414 0.333 
88.25 -0.38249955 0.0012857801 0.050000001 -0.0095643783 0.00081647153 0.333 
88.300003 -0.38249967 0.0012857764 0.050000001 -0.0095643643 0.00081646891 0.333 
88.349998 -0.38249978 0.0012857729 0.050000001 -0.0095643504 0.00081646634 0.333 
88.400002 -0.38249987 0.0012857693 0.050000001 -0.0095643373 0.00081646384 0.333 
88.449997 -0.38249999 0.0012857659 0.050000001 -0.0095643243 0.00081646134 0.333 
88.5 -0.38250011 0.0012857625 0.050000001 -0.0095643122 0.00081645895 0.333 
88.550003 -0.3825002 0.0012857593 0.050000001 -0.0095642991 0.00081645657 0.333 
88.599998 -0.38250029 0.001285756 0.050000001 -0.009564287 0.0008164543 0.333 
88.650002 -0.38250041 0.0012857529 0.050000001 -0.0095642749 0.00081645203 0.333 
88.699997 -0.3825005 0.0012857497 0.050000001 -0.0095642637 0.00081644976 0.333 
88.75 -0.38250059 0.0012857467 0.050000001 -0.0095642516 0.0008164476 0.333 
88.800003 -0.38250068 0.0012857437 0.050000001 -0.0095642405 0.00081644545 0.333 
88.849998 -0.3825008 0.0012857408 0.050000001 -0.0095642302 0.00081644335 0.333 
88.900002 -0.38250089 0.0012857378 0.050000001 -0.009564219 0.00081644132 0.333 
88.949997 -0.38250098 0.0012857351 0.050000001 -0.0095642088 0.00081643928 0.333 
89 -0.38250104 0.0012857324 0.050000001 -0.0095641976 0.00081643736 0.333 
89.050003 -0.38250113 0.0012857296 0.050000001 -0.0095641883 0.00081643538 0.333 
89.099998 -0.38250121 0.001285727 0.050000001 -0.0095641781 0.00081643352 0.333 
89.150002 -0.3825013 0.0012857243 0.050000001 -0.0095641678 0.00081643165 0.333 
89.199997 -0.38250136 0.0012857219 0.050000001 -0.0095641585 0.00081642985 0.333 
89.25 -0.38250145 0.0012857193 0.050000001 -0.0095641492 0.00081642804 0.333 
89.300003 -0.38250154 0.0012857169 0.050000001 -0.0095641399 0.0008164263 0.333 
89.349998 -0.3825016 0.0012857146 0.050000001 -0.0095641315 0.00081642461 0.333 
89.400002 -0.38250169 0.0012857122 0.050000001 -0.0095641222 0.00081642292 0.333 
89.449997 -0.38250175 0.0012857099 0.050000001 -0.0095641138 0.00081642129 0.333 
89.5 -0.38250181 0.0012857077 0.050000001 -0.0095641054 0.00081641966 0.333 
89.550003 -0.3825019 0.0012857055 0.050000001 -0.009564097 0.00081641809 0.333 
89.599998 -0.38250196 0.0012857033 0.050000001 -0.0095640887 0.00081641652 0.333 
89.650002 -0.38250202 0.0012857012 0.050000001 -0.0095640803 0.00081641501 0.333 
89.699997 -0.38250211 0.0012856991 0.050000001 -0.0095640728 0.00081641355 0.333 
89.75 -0.38250217 0.0012856971 0.050000001 -0.0095640654 0.0008164121 0.333 
89.800003 -0.38250223 0.001285695 0.050000001 -0.0095640579 0.00081641064 0.333 
89.849998 -0.38250229 0.0012856931 0.050000001 -0.0095640505 0.00081640924 0.333 
89.900002 -0.38250235 0.0012856912 0.050000001 -0.009564043 0.00081640785 0.333 
89.949997 -0.38250241 0.0012856893 0.050000001 -0.0095640356 0.00081640651 0.333 
90 -0.38250247 0.0012856874 0.050000001 -0.0095640291 0.00081640523 0.333 
